service_date,day_type,bus,rail_boardings,total_rides
01/01/2001,U,297192,126455,423647
01/02/2001,W,780827,501952,1282779
01/03/2001,W,824923,536432,1361355
01/04/2001,W,870021,550011,1420032
01/05/2001,W,890426,557917,1448343
01/06/2001,A,577401,255356,832757
01/07/2001,U,375831,169825,545656
01/08/2001,W,985221,590706,1575927
01/09/2001,W,978377,599905,1578282
01/10/2001,W,984884,602052,1586936
01/11/2001,W,995561,607503,1603064
01/12/2001,W,1018985,605252,1624237
01/13/2001,A,591791,270056,861847
01/14/2001,U,373091,174842,547933
01/15/2001,W,675845,412149,1087994
01/16/2001,W,1024367,622163,1646530
01/17/2001,W,1018690,620343,1639033
01/18/2001,W,1006996,618832,1625828
01/19/2001,W,909964,583851,1493815
01/20/2001,A,582348,263815,846163
01/21/2001,U,378381,172107,550488
01/22/2001,W,1005936,598777,1604713
01/23/2001,W,1019983,610352,1630335
01/24/2001,W,991661,606835,1598496
01/25/2001,W,1004257,609877,1614134
01/26/2001,W,965324,597039,1562363
01/27/2001,A,590836,268078,858914
01/28/2001,U,368819,174434,543253
01/29/2001,W,953532,587052,1540584
01/30/2001,W,982046,607858,1589904
01/31/2001,W,999392,610508,1609900
02/01/2001,W,1054608,615268,1669876
02/02/2001,W,966701,577767,1544468
02/03/2001,A,611703,263612,875315
02/04/2001,U,404212,178398,582610
02/05/2001,W,1045944,600588,1646532
02/06/2001,W,1039393,612435,1651828
02/07/2001,W,1015059,609022,1624081
02/08/2001,W,1007760,610237,1617997
02/09/2001,W,970826,593354,1564180
02/10/2001,A,605404,271313,876717
02/11/2001,U,405433,178810,584243
02/12/2001,W,872330,539393,1411723
02/13/2001,W,1050834,622753,1673587
02/14/2001,W,1004304,610966,1615270
02/15/2001,W,1028938,613323,1642261
02/16/2001,W,1033040,601418,1634458
02/17/2001,A,591717,269294,861011
02/18/2001,U,388788,176855,565643
02/19/2001,W,782447,457891,1240338
02/20/2001,W,1035400,610284,1645684
02/21/2001,W,986212,600133,1586345
02/22/2001,W,986399,606302,1592701
02/23/2001,W,1024235,602352,1626587
02/24/2001,A,505193,246795,751988
02/25/2001,U,351637,172132,523769
02/26/2001,W,1009329,609256,1618585
02/27/2001,W,1000630,609305,1609935
02/28/2001,W,990416,610013,1600429
03/01/2001,W,1051889,618440,1670329
03/02/2001,W,1062234,611578,1673812
03/03/2001,A,678870,286786,965656
03/04/2001,U,385978,178292,564270
03/05/2001,W,863086,549759,1412845
03/06/2001,W,1013530,603561,1617091
03/07/2001,W,1028462,616666,1645128
03/08/2001,W,1000946,611371,1612317
03/09/2001,W,1038368,606672,1645040
03/10/2001,A,633472,283251,916723
03/11/2001,U,410081,188228,598309
03/12/2001,W,979411,588857,1568268
03/13/2001,W,1017685,611347,1629032
03/14/2001,W,1025283,619417,1644700
03/15/2001,W,960667,596612,1557279
03/16/2001,W,923613,583359,1506972
03/17/2001,A,602158,343893,946051
03/18/2001,U,412146,194257,606403
03/19/2001,W,1021700,602469,1624169
03/20/2001,W,1034388,618340,1652728
03/21/2001,W,1029332,616764,1646096
03/22/2001,W,1030741,617815,1648556
03/23/2001,W,1030685,605605,1636290
03/24/2001,A,604139,277028,881167
03/25/2001,U,348817,170742,519559
03/26/2001,W,989316,583176,1572492
03/27/2001,W,1017904,600914,1618818
03/28/2001,W,1007699,601999,1609698
03/29/2001,W,1020098,605027,1625125
03/30/2001,W,978244,590403,1568647
03/31/2001,A,626223,280950,907173
04/01/2001,U,417716,192717,610433
04/02/2001,W,1023629,611098,1634727
04/03/2001,W,1057275,613993,1671268
04/04/2001,W,1047634,625348,1672982
04/05/2001,W,973118,606535,1579653
04/06/2001,W,1015046,611352,1626398
04/07/2001,A,642265,297971,940236
04/08/2001,U,437035,200720,637755
04/09/2001,W,998290,596418,1594708
04/10/2001,W,1024817,613311,1638128
04/11/2001,W,985906,606764,1592670
04/12/2001,W,991795,608691,1600486
04/13/2001,W,865706,527116,1392822
04/14/2001,A,628526,279728,908254
04/15/2001,U,364972,163191,528163
04/16/2001,W,859713,564614,1424327
04/17/2001,W,877834,583859,1461693
04/18/2001,W,907539,599600,1507139
04/19/2001,W,917518,596505,1514023
04/20/2001,W,922082,590659,1512741
04/21/2001,A,603039,293701,896740
04/22/2001,U,384255,185526,569781
04/23/2001,W,979788,590446,1570234
04/24/2001,W,1031150,618513,1649663
04/25/2001,W,977794,609447,1587241
04/26/2001,W,1028140,624617,1652757
04/27/2001,W,1034472,610723,1645195
04/28/2001,A,624970,289747,914717
04/29/2001,U,423377,200002,623379
04/30/2001,W,1008390,600424,1608814
05/01/2001,W,1067496,632996,1700492
05/02/2001,W,1034088,627894,1661982
05/03/2001,W,1065048,634792,1699840
05/04/2001,W,1046692,621087,1667779
05/05/2001,A,637957,307025,944982
05/06/2001,U,417760,206450,624210
05/07/2001,W,1007381,598338,1605719
05/08/2001,W,1044379,621604,1665983
05/09/2001,W,1041324,619928,1661252
05/10/2001,W,1018705,614067,1632772
05/11/2001,W,1004068,600295,1604363
05/12/2001,A,649008,289167,938175
05/13/2001,U,422270,200996,623266
05/14/2001,W,963027,581644,1544671
05/15/2001,W,1035512,633053,1668565
05/16/2001,W,995884,627978,1623862
05/17/2001,W,1006118,628882,1635000
05/18/2001,W,1027834,628829,1656663
05/19/2001,A,645603,315487,961090
05/20/2001,U,427040,217899,644939
05/21/2001,W,958236,590204,1548440
05/22/2001,W,1019568,637152,1656720
05/23/2001,W,978614,619656,1598270
05/24/2001,W,973423,615727,1589150
05/25/2001,W,988982,597892,1586874
05/26/2001,A,512958,269276,782234
05/27/2001,U,390535,208208,598743
05/28/2001,U,392906,191639,584545
05/29/2001,W,1003029,595375,1598404
05/30/2001,W,1002940,607442,1610382
05/31/2001,W,965359,602748,1568107
06/01/2001,W,1057056,611631,1668687
06/02/2001,A,618944,282212,901156
06/03/2001,U,432408,204795,637203
06/04/2001,W,1029447,599699,1629146
06/05/2001,W,935443,606051,1541494
06/06/2001,W,1004243,627572,1631815
06/07/2001,W,1004748,646177,1650925
06/08/2001,W,1012502,642049,1654551
06/09/2001,A,639444,358013,997457
06/10/2001,U,438393,242257,680650
06/11/2001,W,910186,586260,1496446
06/12/2001,W,946314,605737,1552051
06/13/2001,W,911372,599114,1510486
06/14/2001,W,891710,602538,1494248
06/15/2001,W,912712,612983,1525695
06/16/2001,A,675335,340782,1016117
06/17/2001,U,422714,237483,660197
06/18/2001,W,909937,590688,1500625
06/19/2001,W,944122,613028,1557150
06/20/2001,W,939471,612707,1552178
06/21/2001,W,900375,596076,1496451
06/22/2001,W,957514,626565,1584079
06/23/2001,A,631716,328467,960183
06/24/2001,U,443240,281620,724860
06/25/2001,W,947130,621006,1568136
06/26/2001,W,944301,635326,1579627
06/27/2001,W,944274,634994,1579268
06/28/2001,W,942731,611002,1553733
06/29/2001,W,996694,666587,1663281
06/30/2001,A,649995,363078,1013073
07/01/2001,U,435317,271052,706369
07/02/2001,W,958879,627767,1586646
07/03/2001,W,990209,827670,1817879
07/04/2001,U,461383,306172,767555
07/05/2001,W,918500,606574,1525074
07/06/2001,W,958011,643965,1601976
07/07/2001,A,599172,347374,946546
07/08/2001,U,439513,256208,695721
07/09/2001,W,935542,597633,1533175
07/10/2001,W,937066,610069,1547135
07/11/2001,W,960775,614294,1575069
07/12/2001,W,949551,636236,1585787
07/13/2001,W,957097,641244,1598341
07/14/2001,A,629660,333365,963025
07/15/2001,U,420137,241827,661964
07/16/2001,W,880246,623660,1503906
07/17/2001,W,920250,625940,1546190
07/18/2001,W,935427,612765,1548192
07/19/2001,W,949691,618451,1568142
07/20/2001,W,937942,610617,1548559
07/21/2001,A,593545,305457,899002
07/22/2001,U,379766,200473,580239
07/23/2001,W,854318,574685,1429003
07/24/2001,W,939133,630753,1569886
07/25/2001,W,874776,612547,1487323
07/26/2001,W,954848,636674,1591522
07/27/2001,W,933625,634484,1568109
07/28/2001,A,607195,357848,965043
07/29/2001,U,432534,236416,668950
07/30/2001,W,908372,586076,1494448
07/31/2001,W,884617,596502,1481119
08/01/2001,W,873553,612734,1486287
08/02/2001,W,790639,549367,1340006
08/03/2001,W,984483,603405,1587888
08/04/2001,A,648406,319386,967792
08/05/2001,U,453344,225172,678516
08/06/2001,W,907499,585919,1493418
08/07/2001,W,875431,610601,1486032
08/08/2001,W,854367,596163,1450530
08/09/2001,W,846305,602242,1448547
08/10/2001,W,946431,626136,1572567
08/11/2001,A,607614,323141,930755
08/12/2001,U,420182,234020,654202
08/13/2001,W,892382,571719,1464101
08/14/2001,W,866757,598019,1464776
08/15/2001,W,878793,584203,1462996
08/16/2001,W,800887,581402,1382289
08/17/2001,W,929083,598538,1527621
08/18/2001,A,569201,296970,866171
08/19/2001,U,439920,235842,675762
08/20/2001,W,876831,606101,1482932
08/21/2001,W,894995,608242,1503237
08/22/2001,W,864392,599157,1463549
08/23/2001,W,906026,612615,1518641
08/24/2001,W,926014,619276,1545290
08/25/2001,A,518211,290626,808837
08/26/2001,U,439715,245014,684729
08/27/2001,W,900370,590849,1491219
08/28/2001,W,933626,628532,1562158
08/29/2001,W,901782,625324,1527106
08/30/2001,W,913200,617044,1530244
08/31/2001,W,986749,616977,1603726
09/01/2001,A,639977,319699,959676
09/02/2001,U,470771,243520,714291
09/03/2001,U,448248,213584,661832
09/04/2001,W,1120482,625640,1746122
09/05/2001,W,1047878,644950,1692828
09/06/2001,W,1053246,644766,1698012
09/07/2001,W,1070339,659824,1730163
09/08/2001,A,645427,341332,986759
09/09/2001,U,492026,215773,707799
09/10/2001,W,1075781,661092,1736873
09/11/2001,W,957593,525953,1483546
09/12/2001,W,931165,588507,1519672
09/13/2001,W,1010171,607718,1617889
09/14/2001,W,1034666,613645,1648311
09/15/2001,A,615097,277875,892972
09/16/2001,U,417392,191270,608662
09/17/2001,W,919985,609381,1529366
09/18/2001,W,1039365,626518,1665883
09/19/2001,W,939442,625612,1565054
09/20/2001,W,973094,646112,1619206
09/21/2001,W,967583,626032,1593615
09/22/2001,A,641096,307331,948427
09/23/2001,U,361048,190813,551861
09/24/2001,W,940207,622061,1562268
09/25/2001,W,968563,638815,1607378
09/26/2001,W,1028542,639258,1667800
09/27/2001,W,1024125,642860,1666985
09/28/2001,W,1024142,645884,1670026
09/29/2001,A,639464,330008,969472
09/30/2001,U,412037,219852,631889
10/01/2001,W,1069361,639795,1709156
10/02/2001,W,1078342,658020,1736362
10/03/2001,W,1018388,657170,1675558
10/04/2001,W,902598,649681,1552279
10/05/2001,W,1034680,651273,1685953
10/06/2001,A,628587,326860,955447
10/07/2001,U,404926,287483,692409
10/08/2001,W,802729,531294,1334023
10/09/2001,W,1055377,645072,1700449
10/10/2001,W,898767,637568,1536335
10/11/2001,W,1025128,647937,1673065
10/12/2001,W,1000153,625089,1625242
10/13/2001,A,515481,273528,789009
10/14/2001,U,409065,209437,618502
10/15/2001,W,1037513,627937,1665450
10/16/2001,W,1022047,634396,1656443
10/17/2001,W,1036702,641266,1677968
10/18/2001,W,1017434,646140,1663574
10/19/2001,W,956423,642121,1598544
10/20/2001,A,632093,319399,951492
10/21/2001,U,433014,213638,646652
10/22/2001,W,1012782,621894,1634676
10/23/2001,W,1000304,638393,1638697
10/24/2001,W,867027,625218,1492245
10/25/2001,W,947047,618401,1565448
10/26/2001,W,981933,613047,1594980
10/27/2001,A,582223,291912,874135
10/28/2001,U,405374,208481,613855
10/29/2001,W,1019942,623086,1643028
10/30/2001,W,994503,629005,1623508
10/31/2001,W,978585,628587,1607172
11/01/2001,W,1029256,641642,1670898
11/02/2001,W,1042714,645966,1688680
11/03/2001,A,648350,315004,963354
11/04/2001,U,443453,222988,666441
11/05/2001,W,1057697,629864,1687561
11/06/2001,W,1044478,638448,1682926
11/07/2001,W,1033982,640396,1674378
11/08/2001,W,1004574,636400,1640974
11/09/2001,W,931849,620257,1552106
11/10/2001,A,618184,322793,940977
11/11/2001,U,416118,218931,635049
11/12/2001,W,812747,527242,1339989
11/13/2001,W,1026715,641101,1667816
11/14/2001,W,994462,624162,1618624
11/15/2001,W,983434,615519,1598953
11/16/2001,W,1046467,623566,1670033
11/17/2001,A,653210,354828,1008038
11/18/2001,U,414683,201199,615882
11/19/2001,W,999890,600948,1600838
11/20/2001,W,1005581,612391,1617972
11/21/2001,W,988420,589664,1578084
11/22/2001,U,322788,151915,474703
11/23/2001,W,641780,356646,998426
11/24/2001,A,504548,253414,757962
11/25/2001,U,373755,186416,560171
11/26/2001,W,993754,600439,1594193
11/27/2001,W,985583,613858,1599441
11/28/2001,W,981842,614405,1596247
11/29/2001,W,972155,613392,1585547
11/30/2001,W,1039082,625037,1664119
12/01/2001,A,640965,307646,948611
12/02/2001,U,418878,210748,629626
12/03/2001,W,1051222,599106,1650328
12/04/2001,W,1049416,613294,1662710
12/05/2001,W,1039940,622264,1662204
12/06/2001,W,1020021,623428,1643449
12/07/2001,W,1023743,618300,1642043
12/08/2001,A,620074,315639,935713
12/09/2001,U,406917,207697,614614
12/10/2001,W,1005376,597416,1602792
12/11/2001,W,1010462,614387,1624849
12/12/2001,W,981259,609660,1590919
12/13/2001,W,990166,610845,1601011
12/14/2001,W,982986,600798,1583784
12/15/2001,A,623138,319051,942189
12/16/2001,U,407448,213347,620795
12/17/2001,W,995060,593314,1588374
12/18/2001,W,1014592,608735,1623327
12/19/2001,W,958790,591815,1550605
12/20/2001,W,987827,586572,1574399
12/21/2001,W,994499,569456,1563955
12/22/2001,A,586969,268254,855223
12/23/2001,U,393359,184628,577987
12/24/2001,W,525908,257022,782930
12/25/2001,U,218872,93525,312397
12/26/2001,W,619967,380064,1000031
12/27/2001,W,690465,436814,1127279
12/28/2001,W,739404,456879,1196283
12/29/2001,A,473194,224772,697966
12/30/2001,U,306871,160102,466973
12/31/2001,W,650794,321388,972182
01/01/2002,U,294360,122471,416831
01/02/2002,W,766853,491630,1258483
01/03/2002,W,838088,523292,1361380
01/04/2002,W,858709,528849,1387558
01/05/2002,A,542470,245820,788290
01/06/2002,U,370508,177606,548114
01/07/2002,W,953807,568929,1522736
01/08/2002,W,973200,585667,1558867
01/09/2002,W,985622,591671,1577293
01/10/2002,W,974188,591742,1565930
01/11/2002,W,1006535,591718,1598253
01/12/2002,A,565955,266826,832781
01/13/2002,U,371378,176272,547650
01/14/2002,W,985931,593642,1579573
01/15/2002,W,983090,601489,1584579
01/16/2002,W,955758,608009,1563767
01/17/2002,W,968715,598282,1566997
01/18/2002,W,967930,581331,1549261
01/19/2002,A,556405,273407,829812
01/20/2002,U,374069,180903,554972
01/21/2002,W,648994,392312,1041306
01/22/2002,W,1012565,603877,1616442
01/23/2002,W,990484,600427,1590911
01/24/2002,W,1007218,605974,1613192
01/25/2002,W,1028432,601352,1629784
01/26/2002,A,611356,283489,894845
01/27/2002,U,408878,189116,597994
01/28/2002,W,1009923,595606,1605529
01/29/2002,W,979719,597598,1577317
01/30/2002,W,936013,602737,1538750
01/31/2002,W,879895,602988,1482883
02/01/2002,W,954707,585087,1539794
02/02/2002,A,614544,273954,888498
02/03/2002,U,401958,180019,581977
02/04/2002,W,988315,576117,1564432
02/05/2002,W,997471,596800,1594271
02/06/2002,W,1011650,597747,1609397
02/07/2002,W,1011915,600731,1612646
02/08/2002,W,1027036,594502,1621538
02/09/2002,A,650477,296011,946488
02/10/2002,U,379613,180097,559710
02/11/2002,W,985014,592118,1577132
02/12/2002,W,811567,541814,1353381
02/13/2002,W,1019675,612626,1632301
02/14/2002,W,1014122,609706,1623828
02/15/2002,W,1007654,589737,1597391
02/16/2002,A,617307,292835,910142
02/17/2002,U,423922,209261,633183
02/18/2002,W,759013,458524,1217537
02/19/2002,W,985390,597374,1582764
02/20/2002,W,986615,601360,1587975
02/21/2002,W,977261,603816,1581077
02/22/2002,W,1016162,592329,1608491
02/23/2002,A,629609,292764,922373
02/24/2002,U,421160,199343,620503
02/25/2002,W,979843,581612,1561455
02/26/2002,W,933204,587918,1521122
02/27/2002,W,939542,587701,1527243
02/28/2002,W,941136,592045,1533181
03/01/2002,W,973482,593596,1567078
03/02/2002,A,512767,264847,777614
03/03/2002,U,331715,174890,506605
03/04/2002,W,726815,493625,1220440
03/05/2002,W,978944,588656,1567600
03/06/2002,W,1008215,593126,1601341
03/07/2002,W,1008102,594952,1603054
03/08/2002,W,993813,587766,1581579
03/09/2002,A,493346,254471,747817
03/10/2002,U,361758,180401,542159
03/11/2002,W,1008613,591093,1599706
03/12/2002,W,1021380,612457,1633837
03/13/2002,W,1022145,615718,1637863
03/14/2002,W,1010579,607626,1618205
03/15/2002,W,1005654,591415,1597069
03/16/2002,A,615103,342098,957201
03/17/2002,U,390344,189640,579984
03/18/2002,W,992913,579486,1572399
03/19/2002,W,990801,590290,1581091
03/20/2002,W,993245,591401,1584646
03/21/2002,W,930667,574802,1505469
03/22/2002,W,961386,564876,1526262
03/23/2002,A,617210,290118,907328
03/24/2002,U,370997,190845,561842
03/25/2002,W,895573,544841,1440414
03/26/2002,W,938869,571086,1509955
03/27/2002,W,989393,580724,1570117
03/28/2002,W,965734,571056,1536790
03/29/2002,W,755230,472276,1227506
03/30/2002,A,616271,268843,885114
03/31/2002,U,377026,158135,535161
04/01/2002,W,971162,566861,1538023
04/02/2002,W,970537,585155,1555692
04/03/2002,W,1007100,597081,1604181
04/04/2002,W,995075,600930,1596005
04/05/2002,W,1014222,613919,1628141
04/06/2002,A,639707,318104,957811
04/07/2002,U,355354,180625,535979
04/08/2002,W,937560,578417,1515977
04/09/2002,W,1013106,607047,1620153
04/10/2002,W,1020986,618972,1639958
04/11/2002,W,1036014,629240,1665254
04/12/2002,W,917031,591700,1508731
04/13/2002,A,631465,308737,940202
04/14/2002,U,438900,210876,649776
04/15/2002,W,926258,586214,1512472
04/16/2002,W,899896,599906,1499802
04/17/2002,W,892185,593532,1485717
04/18/2002,W,896865,594280,1491145
04/19/2002,W,905545,591974,1497519
04/20/2002,A,574009,300177,874186
04/21/2002,U,356144,190405,546549
04/22/2002,W,974101,583247,1557348
04/23/2002,W,1021788,620463,1642251
04/24/2002,W,918721,602085,1520806
04/25/2002,W,1000933,626040,1626973
04/26/2002,W,1026348,615024,1641372
04/27/2002,A,513069,272746,785815
04/28/2002,U,365481,201038,566519
04/29/2002,W,1001321,584792,1586113
04/30/2002,W,1000608,604417,1605025
05/01/2002,W,1031532,605198,1636730
05/02/2002,W,976392,598086,1574478
05/03/2002,W,1075694,606513,1682207
05/04/2002,A,660227,312131,972358
05/05/2002,U,443915,207913,651828
05/06/2002,W,994227,598141,1592368
05/07/2002,W,1010608,616111,1626719
05/08/2002,W,968509,600435,1568944
05/09/2002,W,1009271,614202,1623473
05/10/2002,W,1047188,609528,1656716
05/11/2002,A,492841,252501,745342
05/12/2002,U,358446,185931,544377
05/13/2002,W,975822,570031,1545853
05/14/2002,W,1009365,598752,1608117
05/15/2002,W,1015551,600667,1616218
05/16/2002,W,906240,579727,1485967
05/17/2002,W,991682,583205,1574887
05/18/2002,A,638862,298727,937589
05/19/2002,U,419434,204421,623855
05/20/2002,W,994112,582646,1576758
05/21/2002,W,1008846,613667,1622513
05/22/2002,W,999920,618307,1618227
05/23/2002,W,969174,606199,1575373
05/24/2002,W,995434,576461,1571895
05/25/2002,A,558891,270672,829563
05/26/2002,U,436570,216172,652742
05/27/2002,U,395210,200876,596086
05/28/2002,W,959547,588932,1548479
05/29/2002,W,980049,601576,1581625
05/30/2002,W,990460,606972,1597432
05/31/2002,W,1040502,635809,1676311
06/01/2002,A,667264,371223,1038487
06/02/2002,U,423135,238648,661783
06/03/2002,W,1001778,583147,1584925
06/04/2002,W,915667,575065,1490732
06/05/2002,W,1005307,602096,1607403
06/06/2002,W,1044279,611344,1655623
06/07/2002,W,1036716,606193,1642909
06/08/2002,A,649574,323142,972716
06/09/2002,U,446760,228298,675058
06/10/2002,W,944065,583512,1527577
06/11/2002,W,969387,604162,1573549
06/12/2002,W,986714,606658,1593372
06/13/2002,W,967153,596032,1563185
06/14/2002,W,980140,605447,1585587
06/15/2002,A,644968,318379,963347
06/16/2002,U,456833,225229,682062
06/17/2002,W,980090,576747,1556837
06/18/2002,W,996706,619540,1616246
06/19/2002,W,992928,618449,1611377
06/20/2002,W,975703,628191,1603894
06/21/2002,W,979910,616117,1596027
06/22/2002,A,634013,341170,975183
06/23/2002,U,444454,232456,676910
06/24/2002,W,884749,597643,1482392
06/25/2002,W,926613,600847,1527460
06/26/2002,W,879533,601333,1480866
06/27/2002,W,914452,613276,1527728
06/28/2002,W,934562,650340,1584902
06/29/2002,A,636792,369705,1006497
06/30/2002,U,441101,309418,750519
07/01/2002,W,948966,601509,1550475
07/02/2002,W,955991,621541,1577532
07/03/2002,W,1004276,785621,1789897
07/04/2002,U,441126,279204,720330
07/05/2002,W,807831,500685,1308516
07/06/2002,A,597877,324834,922711
07/07/2002,U,445916,256321,702237
07/08/2002,W,929870,575055,1504925
07/09/2002,W,919623,579348,1498971
07/10/2002,W,941513,591208,1532721
07/11/2002,W,969657,594276,1563933
07/12/2002,W,963191,618865,1582056
07/13/2002,A,624850,324416,949266
07/14/2002,U,433166,239865,673031
07/15/2002,W,949705,608087,1557792
07/16/2002,W,946077,621832,1567909
07/17/2002,W,931752,595378,1527130
07/18/2002,W,942643,596288,1538931
07/19/2002,W,960153,612971,1573124
07/20/2002,A,635657,339113,974770
07/21/2002,U,412477,229156,641633
07/22/2002,W,900537,595784,1496321
07/23/2002,W,955084,623156,1578240
07/24/2002,W,945502,617518,1563020
07/25/2002,W,931679,608190,1539869
07/26/2002,W,942389,590601,1532990
07/27/2002,A,595484,327980,923464
07/28/2002,U,414913,215040,629953
07/29/2002,W,893147,565324,1458471
07/30/2002,W,934322,614162,1548484
07/31/2002,W,912632,603775,1516407
08/01/2002,W,969159,607964,1577123
08/02/2002,W,1004199,612785,1616984
08/03/2002,A,674990,325279,1000269
08/04/2002,U,451144,234620,685764
08/05/2002,W,941406,569627,1511033
08/06/2002,W,955681,592722,1548403
08/07/2002,W,940727,585313,1526040
08/08/2002,W,945096,589840,1534936
08/09/2002,W,968109,592938,1561047
08/10/2002,A,667701,340015,1007716
08/11/2002,U,437332,230526,667858
08/12/2002,W,908503,579800,1488303
08/13/2002,W,871791,578996,1450787
08/14/2002,W,893558,586107,1479665
08/15/2002,W,920323,599375,1519698
08/16/2002,W,903666,592393,1496059
08/17/2002,A,644076,340569,984645
08/18/2002,U,490868,285298,776166
08/19/2002,W,847798,545503,1393301
08/20/2002,W,918696,586734,1505430
08/21/2002,W,904673,572717,1477390
08/22/2002,W,829797,533893,1363690
08/23/2002,W,903292,570031,1473323
08/24/2002,A,625725,308392,934117
08/25/2002,U,441076,227484,668560
08/26/2002,W,920546,572967,1493513
08/27/2002,W,923644,596884,1520528
08/28/2002,W,922170,590348,1512518
08/29/2002,W,808555,532322,1340877
08/30/2002,W,987793,608056,1595849
08/31/2002,A,666152,345777,1011929
09/01/2002,U,477226,257229,734455
09/02/2002,U,381482,201136,582618
09/03/2002,W,1106907,625970,1732877
09/04/2002,W,1087925,634665,1722590
09/05/2002,W,1083538,634950,1718488
09/06/2002,W,1082951,634809,1717760
09/07/2002,A,643335,318886,962221
09/08/2002,U,439942,218716,658658
09/09/2002,W,1071206,630453,1701659
09/10/2002,W,1050992,640278,1691270
09/11/2002,W,1045640,631554,1677194
09/12/2002,W,1059762,645114,1704876
09/13/2002,W,1064345,655102,1719447
09/14/2002,A,642689,327322,970011
09/15/2002,U,421429,221310,642739
09/16/2002,W,1049667,617848,1667515
09/17/2002,W,1064546,644444,1708990
09/18/2002,W,1039162,643763,1682925
09/19/2002,W,1038608,640884,1679492
09/20/2002,W,1019280,626196,1645476
09/21/2002,A,674983,330553,1005536
09/22/2002,U,416973,215142,632115
09/23/2002,W,1055515,637798,1693313
09/24/2002,W,1055580,664958,1720538
09/25/2002,W,1064437,666345,1730782
09/26/2002,W,1057421,662347,1719768
09/27/2002,W,1058970,651373,1710343
09/28/2002,A,632188,338847,971035
09/29/2002,U,421618,232441,654059
09/30/2002,W,1048696,634065,1682761
10/01/2002,W,1098830,653561,1752391
10/02/2002,W,1059836,648879,1708715
10/03/2002,W,1100107,655905,1756012
10/04/2002,W,1024955,626723,1651678
10/05/2002,A,672805,338207,1011012
10/06/2002,U,423210,223075,646285
10/07/2002,W,1086922,641838,1728760
10/08/2002,W,1074824,650758,1725582
10/09/2002,W,1064324,648974,1713298
10/10/2002,W,1072954,655002,1727956
10/11/2002,W,1074197,658585,1732782
10/12/2002,A,612527,332781,945308
10/13/2002,U,407917,323103,731020
10/14/2002,W,806818,542057,1348875
10/15/2002,W,1068455,653527,1721982
10/16/2002,W,1036205,645880,1682085
10/17/2002,W,1030300,645590,1675890
10/18/2002,W,1059316,643043,1702359
10/19/2002,A,654965,333538,988503
10/20/2002,U,424767,222167,646934
10/21/2002,W,1057968,632256,1690224
10/22/2002,W,1047657,645112,1692769
10/23/2002,W,1013066,635553,1648619
10/24/2002,W,1014798,642039,1656837
10/25/2002,W,1022926,632981,1655907
10/26/2002,A,626185,331030,957215
10/27/2002,U,413385,217556,630941
10/28/2002,W,1041265,628314,1669579
10/29/2002,W,1025525,636398,1661923
10/30/2002,W,1036745,639993,1676738
10/31/2002,W,1000155,635297,1635452
11/01/2002,W,1069031,628183,1697214
11/02/2002,A,647400,313106,960506
11/03/2002,U,418620,211506,630126
11/04/2002,W,1072235,633872,1706107
11/05/2002,W,994530,613203,1607733
11/06/2002,W,1045767,644971,1690738
11/07/2002,W,1065889,664817,1730706
11/08/2002,W,995294,646927,1642221
11/09/2002,A,630142,329264,959406
11/10/2002,U,419858,220134,639992
11/11/2002,W,780558,519021,1299579
11/12/2002,W,1029700,637242,1666942
11/13/2002,W,1035982,635224,1671206
11/14/2002,W,956533,625010,1581543
11/15/2002,W,1042694,630267,1672961
11/16/2002,A,600110,314114,914224
11/17/2002,U,393692,204651,598343
11/18/2002,W,1018831,619368,1638199
11/19/2002,W,1058349,638719,1697068
11/20/2002,W,1033748,630680,1664428
11/21/2002,W,983825,621257,1605082
11/22/2002,W,1030889,618981,1649870
11/23/2002,A,631388,353053,984441
11/24/2002,U,393321,202257,595578
11/25/2002,W,992101,602628,1594729
11/26/2002,W,959679,611673,1571352
11/27/2002,W,946620,584367,1530987
11/28/2002,U,297477,145995,443472
11/29/2002,W,676405,367260,1043665
11/30/2002,A,525319,255100,780419
12/01/2002,U,362192,187150,549342
12/02/2002,W,966808,598780,1565588
12/03/2002,W,1007666,622071,1629737
12/04/2002,W,1003459,610601,1614060
12/05/2002,W,1005218,607822,1613040
12/06/2002,W,1018401,602004,1620405
12/07/2002,A,627855,318034,945889
12/08/2002,U,396717,202070,598787
12/09/2002,W,994622,575116,1569738
12/10/2002,W,1030456,601656,1632112
12/11/2002,W,1021640,603601,1625241
12/12/2002,W,1015667,602683,1618350
12/13/2002,W,1020480,600852,1621332
12/14/2002,A,653848,325639,979487
12/15/2002,U,435253,216394,651647
12/16/2002,W,1003932,577286,1581218
12/17/2002,W,985528,583328,1568856
12/18/2002,W,939870,571921,1511791
12/19/2002,W,1020038,590493,1610531
12/20/2002,W,984913,565925,1550838
12/21/2002,A,614025,284719,898744
12/22/2002,U,404210,194323,598533
12/23/2002,W,827316,467245,1294561
12/24/2002,W,621673,319916,941589
12/25/2002,U,237547,96846,334393
12/26/2002,W,661076,372317,1033393
12/27/2002,W,744896,424575,1169471
12/28/2002,A,528087,236606,764693
12/29/2002,U,380197,181081,561278
12/30/2002,W,773707,469806,1243513
12/31/2002,W,792623,456865,1249488
01/01/2003,U,325478,169985,495463
01/02/2003,W,757781,484840,1242621
01/03/2003,W,861580,515985,1377565
01/04/2003,A,570941,255217,826158
01/05/2003,U,377813,177159,554972
01/06/2003,W,982617,574868,1557485
01/07/2003,W,982542,580676,1563218
01/08/2003,W,1011812,592758,1604570
01/09/2003,W,979678,586435,1566113
01/10/2003,W,963808,567691,1531499
01/11/2003,A,506478,250051,756529
01/12/2003,U,346918,171467,518385
01/13/2003,W,973653,585781,1559434
01/14/2003,W,940805,594400,1535205
01/15/2003,W,928578,583104,1511682
01/16/2003,W,945280,591915,1537195
01/17/2003,W,973358,584772,1558130
01/18/2003,A,512435,261058,773493
01/19/2003,U,327279,172937,500216
01/20/2003,W,604089,375958,980047
01/21/2003,W,954156,590827,1544983
01/22/2003,W,912033,572491,1484524
01/23/2003,W,822317,541015,1363332
01/24/2003,W,893501,546353,1439854
01/25/2003,A,547944,259287,807231
01/26/2003,U,335046,168783,503829
01/27/2003,W,922033,564295,1486328
01/28/2003,W,952120,598146,1550266
01/29/2003,W,970605,594588,1565193
01/30/2003,W,993731,601060,1594791
01/31/2003,W,929004,577555,1506559
02/01/2003,A,639705,291226,930931
02/02/2003,U,415598,192294,607892
02/03/2003,W,1039918,596186,1636104
02/04/2003,W,980582,597044,1577626
02/05/2003,W,961776,585552,1547328
02/06/2003,W,981973,596888,1578861
02/07/2003,W,953979,573249,1527228
02/08/2003,A,563430,270521,833951
02/09/2003,U,367964,180861,548825
02/10/2003,W,948507,584120,1532627
02/11/2003,W,928346,592292,1520638
02/12/2003,W,749254,523192,1272446
02/13/2003,W,978871,597819,1576690
02/14/2003,W,985806,594045,1579851
02/15/2003,A,543945,271823,815768
02/16/2003,U,365939,188276,554215
02/17/2003,W,709845,447938,1157783
02/18/2003,W,974450,604717,1579167
02/19/2003,W,982943,605097,1588040
02/20/2003,W,988095,611766,1599861
02/21/2003,W,1005940,601156,1607096
02/22/2003,A,529921,276538,806459
02/23/2003,U,377363,185905,563268
02/24/2003,W,908324,574013,1482337
02/25/2003,W,897857,572520,1470377
02/26/2003,W,939161,588630,1527791
02/27/2003,W,951569,599144,1550713
02/28/2003,W,1011530,597504,1609034
03/01/2003,A,610177,291264,901441
03/02/2003,U,347417,182200,529617
03/03/2003,W,822165,535306,1357471
03/04/2003,W,964967,606043,1571010
03/05/2003,W,868551,583929,1452480
03/06/2003,W,874641,573715,1448356
03/07/2003,W,980484,584273,1564757
03/08/2003,A,550093,274523,824616
03/09/2003,U,335884,177874,513758
03/10/2003,W,916661,573635,1490296
03/11/2003,W,971894,601034,1572928
03/12/2003,W,981590,604333,1585923
03/13/2003,W,978881,609896,1588777
03/14/2003,W,1009566,615377,1624943
03/15/2003,A,637081,381570,1018651
03/16/2003,U,429227,235438,664665
03/17/2003,W,976703,597982,1574685
03/18/2003,W,963349,596226,1559575
03/19/2003,W,938499,586881,1525380
03/20/2003,W,936654,594341,1530995
03/21/2003,W,967479,588655,1556134
03/22/2003,A,577660,292329,869989
03/23/2003,U,410745,215626,626371
03/24/2003,W,962889,584149,1547038
03/25/2003,W,973017,594589,1567606
03/26/2003,W,968581,594924,1563505
03/27/2003,W,969195,593676,1562871
03/28/2003,W,815984,552242,1368226
03/29/2003,A,555638,280361,835999
03/30/2003,U,372071,191109,563180
03/31/2003,W,973924,577834,1551758
04/01/2003,W,1028531,603564,1632095
04/02/2003,W,1020829,602855,1623684
04/03/2003,W,995062,592074,1587136
04/04/2003,W,912458,572837,1485295
04/05/2003,A,593273,293496,886769
04/06/2003,U,370275,188467,558742
04/07/2003,W,873605,565391,1438996
04/08/2003,W,947482,599769,1547251
04/09/2003,W,986992,611985,1598977
04/10/2003,W,1007977,624279,1632256
04/11/2003,W,912918,600667,1513585
04/12/2003,A,602670,321354,924024
04/13/2003,U,407540,219553,627093
04/14/2003,W,904517,593473,1497990
04/15/2003,W,894368,606461,1500829
04/16/2003,W,836328,578259,1414587
04/17/2003,W,815274,563613,1378887
04/18/2003,W,769997,482196,1252193
04/19/2003,A,562148,263464,825612
04/20/2003,U,368478,172399,540877
04/21/2003,W,925231,572442,1497673
04/22/2003,W,964240,617403,1581643
04/23/2003,W,923474,613127,1536601
04/24/2003,W,961316,620140,1581456
04/25/2003,W,979369,595103,1574472
04/26/2003,A,588057,300728,888785
04/27/2003,U,403462,210716,614178
04/28/2003,W,962103,582145,1544248
04/29/2003,W,958977,595629,1554606
04/30/2003,W,828642,567596,1396238
05/01/2003,W,971218,597161,1568379
05/02/2003,W,1039212,616460,1655672
05/03/2003,A,645503,335590,981093
05/04/2003,U,395799,214366,610165
05/05/2003,W,1006467,608082,1614549
05/06/2003,W,1007795,626276,1634071
05/07/2003,W,977279,610370,1587649
05/08/2003,W,984692,605164,1589856
05/09/2003,W,992211,616706,1608917
05/10/2003,A,577508,301857,879365
05/11/2003,U,322449,193398,515847
05/12/2003,W,956974,580553,1537527
05/13/2003,W,981698,602563,1584261
05/14/2003,W,911890,583198,1495088
05/15/2003,W,971525,598384,1569909
05/16/2003,W,999630,589910,1589540
05/17/2003,A,614484,304723,919207
05/18/2003,U,403043,207860,610903
05/19/2003,W,961806,579665,1541471
05/20/2003,W,966295,594508,1560803
05/21/2003,W,992696,592768,1585464
05/22/2003,W,967683,590893,1558576
05/23/2003,W,969112,575372,1544484
05/24/2003,A,591523,301068,892591
05/25/2003,U,408454,223466,631920
05/26/2003,U,380796,224023,604819
05/27/2003,W,961009,597804,1558813
05/28/2003,W,910537,586704,1497241
05/29/2003,W,961715,595331,1557046
05/30/2003,W,988281,613622,1601903
05/31/2003,A,575015,318134,893149
06/01/2003,U,422827,245291,668118
06/02/2003,W,978201,583126,1561327
06/03/2003,W,992041,610279,1602320
06/04/2003,W,997077,615414,1612491
06/05/2003,W,991907,622481,1614388
06/06/2003,W,962917,615632,1578549
06/07/2003,A,634650,354198,988848
06/08/2003,U,380953,229228,610181
06/09/2003,W,987516,590887,1578403
06/10/2003,W,940459,596552,1537011
06/11/2003,W,961149,607043,1568192
06/12/2003,W,969572,604883,1574455
06/13/2003,W,976147,592987,1569134
06/14/2003,A,626911,320029,946940
06/15/2003,U,421515,221822,643337
06/16/2003,W,955066,581387,1536453
06/17/2003,W,965718,601420,1567138
06/18/2003,W,897454,587986,1485440
06/19/2003,W,946693,596124,1542817
06/20/2003,W,938177,611219,1549396
06/21/2003,A,610796,345895,956691
06/22/2003,U,423283,242077,665360
06/23/2003,W,855955,568379,1424334
06/24/2003,W,928442,620552,1548994
06/25/2003,W,841205,603880,1445085
06/26/2003,W,833307,600660,1433967
06/27/2003,W,890776,661150,1551926
06/28/2003,A,561500,350162,911662
06/29/2003,U,421380,329753,751133
06/30/2003,W,884729,611874,1496603
07/01/2003,W,957351,634210,1591561
07/02/2003,W,936777,640212,1576989
07/03/2003,W,983110,790702,1773812
07/04/2003,U,471591,347887,819478
07/05/2003,A,549605,363309,912914
07/06/2003,U,389816,269228,659044
07/07/2003,W,852771,569437,1422208
07/08/2003,W,846175,579733,1425908
07/09/2003,W,871942,598967,1470909
07/10/2003,W,893195,614469,1507664
07/11/2003,W,907669,615433,1523102
07/12/2003,A,607118,339152,946270
07/13/2003,U,421579,257051,678630
07/14/2003,W,905206,611190,1516396
07/15/2003,W,874304,618204,1492508
07/16/2003,W,915630,597927,1513557
07/17/2003,W,861722,579675,1441397
07/18/2003,W,902204,590356,1492560
07/19/2003,A,619480,324535,944015
07/20/2003,U,403847,224010,627857
07/21/2003,W,883219,578363,1461582
07/22/2003,W,889426,590880,1480306
07/23/2003,W,906650,622160,1528810
07/24/2003,W,896387,622281,1518668
07/25/2003,W,903368,591792,1495160
07/26/2003,A,584819,312502,897321
07/27/2003,U,367151,222589,589740
07/28/2003,W,849172,562933,1412105
07/29/2003,W,903830,615414,1519244
07/30/2003,W,880392,616406,1496798
07/31/2003,W,889575,617395,1506970
08/01/2003,W,912597,605206,1517803
08/02/2003,A,678701,399990,1078691
08/03/2003,U,387659,244986,632645
08/04/2003,W,920408,585024,1505432
08/05/2003,W,918113,600556,1518669
08/06/2003,W,883115,581895,1465010
08/07/2003,W,923161,584026,1507187
08/08/2003,W,903597,583831,1487428
08/09/2003,A,638279,371415,1009694
08/10/2003,U,418764,244876,663640
08/11/2003,W,806587,566910,1373497
08/12/2003,W,864526,595230,1459756
08/13/2003,W,875224,614427,1489651
08/14/2003,W,857542,592601,1450143
08/15/2003,W,873580,602111,1475691
08/16/2003,A,627785,363117,990902
08/17/2003,U,462931,290507,753438
08/18/2003,W,821919,559214,1381133
08/19/2003,W,853603,577418,1431021
08/20/2003,W,838351,567116,1405467
08/21/2003,W,820578,562565,1383143
08/22/2003,W,867524,576202,1443726
08/23/2003,A,585510,313035,898545
08/24/2003,U,408305,227185,635490
08/25/2003,W,850528,561134,1411662
08/26/2003,W,836703,573211,1409914
08/27/2003,W,862298,578962,1441260
08/28/2003,W,857707,578781,1436488
08/29/2003,W,902436,604839,1507275
08/30/2003,A,622090,339474,961564
08/31/2003,U,396860,242605,639465
09/01/2003,U,326772,199296,526068
09/02/2003,W,1025978,648864,1674842
09/03/2003,W,1059974,650319,1710293
09/04/2003,W,1040002,652383,1692385
09/05/2003,W,1044868,634834,1679702
09/06/2003,A,625347,334013,959360
09/07/2003,U,421385,222973,644358
09/08/2003,W,1028540,623072,1651612
09/09/2003,W,1030074,632686,1662760
09/10/2003,W,1019275,645858,1665133
09/11/2003,W,1018196,639732,1657928
09/12/2003,W,1002297,650171,1652468
09/13/2003,A,601330,350594,951924
09/14/2003,U,386248,235410,621658
09/15/2003,W,1015639,653569,1669208
09/16/2003,W,1033950,663607,1697557
09/17/2003,W,1023215,663761,1686976
09/18/2003,W,1023301,647465,1670766
09/19/2003,W,1019769,642616,1662385
09/20/2003,A,618523,338787,957310
09/21/2003,U,421320,231095,652415
09/22/2003,W,992288,638244,1630532
09/23/2003,W,1023379,655433,1678812
09/24/2003,W,973736,643836,1617572
09/25/2003,W,1006367,648354,1654721
09/26/2003,W,939175,643987,1583162
09/27/2003,A,591935,358390,950325
09/28/2003,U,377248,236781,614029
09/29/2003,W,1001427,637350,1638777
09/30/2003,W,1000725,637394,1638119
10/01/2003,W,1051684,644239,1695923
10/02/2003,W,1016259,641608,1657867
10/03/2003,W,999345,667963,1667308
10/04/2003,A,651128,383554,1034682
10/05/2003,U,428277,236860,665137
10/06/2003,W,1018276,618461,1636737
10/07/2003,W,1051869,699907,1751776
10/08/2003,W,1026066,693316,1719382
10/09/2003,W,1011003,650911,1661914
10/10/2003,W,1031598,661985,1693583
10/11/2003,A,628499,366667,995166
10/12/2003,U,411927,351185,763112
10/13/2003,W,780132,547856,1327988
10/14/2003,W,928265,691539,1619804
10/15/2003,W,1026737,711785,1738522
10/16/2003,W,1013203,650877,1664080
10/17/2003,W,1023752,651230,1674982
10/18/2003,A,633461,362376,995837
10/19/2003,U,422713,241241,663954
10/20/2003,W,1077011,632330,1709341
10/21/2003,W,958546,644683,1603229
10/22/2003,W,1003925,640420,1644345
10/23/2003,W,1008328,644198,1652526
10/24/2003,W,1008879,639483,1648362
10/25/2003,A,615584,332732,948316
10/26/2003,U,395925,231808,627733
10/27/2003,W,990268,620687,1610955
10/28/2003,W,978501,631318,1609819
10/29/2003,W,986799,637933,1624732
10/30/2003,W,1006074,652674,1658748
10/31/2003,W,996142,628603,1624745
11/01/2003,A,606945,309648,916593
11/02/2003,U,397515,215452,612967
11/03/2003,W,1007989,614598,1622587
11/04/2003,W,1003988,630296,1634284
11/05/2003,W,1015157,639104,1654261
11/06/2003,W,1015139,644961,1660100
11/07/2003,W,906629,620991,1527620
11/08/2003,A,566334,320811,887145
11/09/2003,U,383993,221796,605789
11/10/2003,W,981163,606222,1587385
11/11/2003,W,789039,542871,1331910
11/12/2003,W,977852,627509,1605361
11/13/2003,W,901163,616525,1517688
11/14/2003,W,964479,632553,1597032
11/15/2003,A,567411,334186,901597
11/16/2003,U,382584,222633,605217
11/17/2003,W,996959,618428,1615387
11/18/2003,W,881272,608253,1489525
11/19/2003,W,1011052,632045,1643097
11/20/2003,W,1006072,638332,1644404
11/21/2003,W,1004115,626155,1630270
11/22/2003,A,608476,361622,970098
11/23/2003,U,352918,202523,555441
11/24/2003,W,897941,583860,1481801
11/25/2003,W,945699,602970,1548669
11/26/2003,W,930556,579257,1509813
11/27/2003,U,292469,153251,445720
11/28/2003,W,557794,344266,902060
11/29/2003,A,484077,265968,750045
11/30/2003,U,378933,217629,596562
12/01/2003,W,998632,601364,1599996
12/02/2003,W,984587,605675,1590262
12/03/2003,W,1002993,613563,1616556
12/04/2003,W,962556,610322,1572878
12/05/2003,W,968576,606672,1575248
12/06/2003,A,587823,326475,914298
12/07/2003,U,393784,214938,608722
12/08/2003,W,975766,586022,1561788
12/09/2003,W,959147,594395,1553542
12/10/2003,W,945145,597600,1542745
12/11/2003,W,936467,591327,1527794
12/12/2003,W,912540,575833,1488373
12/13/2003,A,544810,305519,850329
12/14/2003,U,369050,209939,578989
12/15/2003,W,936119,568654,1504773
12/16/2003,W,926650,576496,1503146
12/17/2003,W,925481,573820,1499301
12/18/2003,W,917919,567624,1485543
12/19/2003,W,926113,555922,1482035
12/20/2003,A,564850,289142,853992
12/21/2003,U,415703,218944,634647
12/22/2003,W,797301,508014,1305315
12/23/2003,W,770607,486462,1257069
12/24/2003,W,610061,333655,943716
12/25/2003,U,247349,101016,348365
12/26/2003,W,605667,321094,926761
12/27/2003,A,507042,232980,740022
12/28/2003,U,358852,178624,537476
12/29/2003,W,732494,461979,1194473
12/30/2003,W,725126,474545,1199671
12/31/2003,W,678329,430971,1109300
01/01/2004,U,300347,174003,474350
01/02/2004,W,754051,421851,1175902
01/03/2004,A,560436,250130,810566
01/04/2004,U,303611,162880,466491
01/05/2004,W,894467,548650,1443117
01/06/2004,W,788158,516396,1304554
01/07/2004,W,851011,536299,1387310
01/08/2004,W,903950,556891,1460841
01/09/2004,W,929117,560519,1489636
01/10/2004,A,526469,261687,788156
01/11/2004,U,368655,180035,548690
01/12/2004,W,982070,588906,1570976
01/13/2004,W,977382,596765,1574147
01/14/2004,W,956180,591625,1547805
01/15/2004,W,962171,590965,1553136
01/16/2004,W,969715,578153,1547868
01/17/2004,A,534831,278142,812973
01/18/2004,U,342002,178641,520643
01/19/2004,W,557712,353859,911571
01/20/2004,W,939415,572634,1512049
01/21/2004,W,949321,576593,1525914
01/22/2004,W,854150,542344,1396494
01/23/2004,W,903734,550366,1454100
01/24/2004,A,521800,263571,785371
01/25/2004,U,343967,176977,520944
01/26/2004,W,925536,566031,1491567
01/27/2004,W,906997,586852,1493849
01/28/2004,W,887763,565269,1453032
01/29/2004,W,855905,553448,1409353
01/30/2004,W,756185,500887,1257072
01/31/2004,A,531967,246213,778180
02/01/2004,U,355491,170793,526284
02/02/2004,W,914997,566503,1481500
02/03/2004,W,957823,591153,1548976
02/04/2004,W,947079,581672,1528751
02/05/2004,W,931453,586671,1518124
02/06/2004,W,937566,572957,1510523
02/07/2004,A,553301,281792,835093
02/08/2004,U,369314,185893,555207
02/09/2004,W,948814,578071,1526885
02/10/2004,W,948181,593014,1541195
02/11/2004,W,959174,594399,1553573
02/12/2004,W,796644,537211,1333855
02/13/2004,W,958969,580969,1539938
02/14/2004,A,610834,301728,912562
02/15/2004,U,368733,191759,560492
02/16/2004,W,684054,441539,1125593
02/17/2004,W,966524,596810,1563334
02/18/2004,W,957521,593575,1551096
02/19/2004,W,971162,601442,1572604
02/20/2004,W,933678,580459,1514137
02/21/2004,A,585429,288901,874330
02/22/2004,U,402374,187329,589703
02/23/2004,W,954873,577436,1532309
02/24/2004,W,957453,588493,1545946
02/25/2004,W,967236,596639,1563875
02/26/2004,W,973201,598172,1571373
02/27/2004,W,980935,589768,1570703
02/28/2004,A,607923,310337,918260
02/29/2004,U,413029,208258,621287
03/01/2004,W,828169,534603,1362772
03/02/2004,W,992418,597880,1590298
03/03/2004,W,1007360,594376,1601736
03/04/2004,W,936797,584225,1521022
03/05/2004,W,939138,575845,1514983
03/06/2004,A,602180,296173,898353
03/07/2004,U,370231,186924,557155
03/08/2004,W,969634,585973,1555607
03/09/2004,W,965244,597735,1562979
03/10/2004,W,973415,601851,1575266
03/11/2004,W,927076,589420,1516496
03/12/2004,W,942238,580254,1522492
03/13/2004,A,587662,342986,930648
03/14/2004,U,376244,200734,576978
03/15/2004,W,953320,580038,1533358
03/16/2004,W,942197,582515,1524712
03/17/2004,W,932468,589641,1522109
03/18/2004,W,934303,588303,1522606
03/19/2004,W,988154,593249,1581403
03/20/2004,A,607378,311130,918508
03/21/2004,U,365502,189403,554905
03/22/2004,W,941254,559786,1501040
03/23/2004,W,966919,579228,1546147
03/24/2004,W,917804,565878,1483682
03/25/2004,W,948790,577094,1525884
03/26/2004,W,858131,557755,1415886
03/27/2004,A,585553,300842,886395
03/28/2004,U,377339,215088,592427
03/29/2004,W,949103,573929,1523032
03/30/2004,W,949847,579487,1529334
03/31/2004,W,943445,579344,1522789
04/01/2004,W,1000741,592854,1593595
04/02/2004,W,1012716,589043,1601759
04/03/2004,A,633629,304787,938416
04/04/2004,U,407772,198468,606240
04/05/2004,W,971292,571811,1543103
04/06/2004,W,977036,585618,1562654
04/07/2004,W,975244,592042,1567286
04/08/2004,W,967733,588420,1556153
04/09/2004,W,799356,490037,1289393
04/10/2004,A,568003,263036,831039
04/11/2004,U,372246,162703,534949
04/12/2004,W,809673,560649,1370322
04/13/2004,W,831527,571813,1403340
04/14/2004,W,859829,593419,1453248
04/15/2004,W,864352,601171,1465523
04/16/2004,W,861336,600132,1461468
04/17/2004,A,596237,331377,927614
04/18/2004,U,423705,227626,651331
04/19/2004,W,951686,592025,1543711
04/20/2004,W,934712,592319,1527031
04/21/2004,W,943108,597005,1540113
04/22/2004,W,904333,597088,1501421
04/23/2004,W,977752,615945,1593697
04/24/2004,A,570050,314947,884997
04/25/2004,U,373444,218019,591463
04/26/2004,W,962323,576288,1538611
04/27/2004,W,985057,588215,1573272
04/28/2004,W,914358,585375,1499733
04/29/2004,W,909979,580209,1490188
04/30/2004,W,988876,579995,1568871
05/01/2004,A,577088,282452,859540
05/02/2004,U,417360,203143,620503
05/03/2004,W,1028235,580844,1609079
05/04/2004,W,1025965,615968,1641933
05/05/2004,W,1019276,622837,1642113
05/06/2004,W,994277,614497,1608774
05/07/2004,W,960594,591026,1551620
05/08/2004,A,628268,316493,944761
05/09/2004,U,441379,221375,662754
05/10/2004,W,939473,558691,1498164
05/11/2004,W,965692,583729,1549421
05/12/2004,W,944663,576643,1521306
05/13/2004,W,929271,579703,1508974
05/14/2004,W,899684,566238,1465922
05/15/2004,A,615125,308012,923137
05/16/2004,U,418466,214886,633352
05/17/2004,W,961334,567520,1528854
05/18/2004,W,957288,600273,1557561
05/19/2004,W,1010917,613954,1624871
05/20/2004,W,971148,604798,1575946
05/21/2004,W,945657,592577,1538234
05/22/2004,A,571606,316714,888320
05/23/2004,U,398101,224372,622473
05/24/2004,W,964387,572310,1536697
05/25/2004,W,967725,586827,1554552
05/26/2004,W,970166,583785,1553951
05/27/2004,W,960973,583639,1544612
05/28/2004,W,978308,574148,1552456
05/29/2004,A,556778,288249,845027
05/30/2004,U,327264,185353,512617
05/31/2004,U,352611,210076,562687
06/01/2004,W,988657,604744,1593401
06/02/2004,W,995228,605193,1600421
06/03/2004,W,1037077,597741,1634818
06/04/2004,W,1031015,619850,1650865
06/05/2004,A,664804,350348,1015152
06/06/2004,U,433813,247799,681612
06/07/2004,W,975883,602548,1578431
06/08/2004,W,985865,627174,1613039
06/09/2004,W,967899,616418,1584317
06/10/2004,W,927625,614363,1541988
06/11/2004,W,951407,584390,1535797
06/12/2004,A,626396,347638,974034
06/13/2004,U,418700,237263,655963
06/14/2004,W,947940,569479,1517419
06/15/2004,W,973303,591145,1564448
06/16/2004,W,948614,584517,1533131
06/17/2004,W,938259,585309,1523568
06/18/2004,W,945720,600582,1546302
06/19/2004,A,621841,336481,958322
06/20/2004,U,431055,231581,662636
06/21/2004,W,783458,540333,1323791
06/22/2004,W,959598,597441,1557039
06/23/2004,W,858709,578302,1437011
06/24/2004,W,828438,571439,1399877
06/25/2004,W,894184,629449,1523633
06/26/2004,A,611676,374748,986424
06/27/2004,U,430542,324978,755520
06/28/2004,W,853024,572918,1425942
06/29/2004,W,911992,643017,1555009
06/30/2004,W,906761,639979,1546740
07/01/2004,W,953538,646062,1599600
07/02/2004,W,937281,647738,1585019
07/03/2004,A,587961,418005,1005966
07/04/2004,U,446583,324563,771146
07/05/2004,U,420521,229820,650341
07/06/2004,W,877429,556428,1433857
07/07/2004,W,885461,568101,1453562
07/08/2004,W,909149,580508,1489657
07/09/2004,W,869159,560395,1429554
07/10/2004,A,593638,305695,899333
07/11/2004,U,418827,228013,646840
07/12/2004,W,883883,564588,1448471
07/13/2004,W,923012,571480,1494492
07/14/2004,W,906552,581198,1487750
07/15/2004,W,912348,615708,1528056
07/16/2004,W,898626,610788,1509414
07/17/2004,A,622104,365413,987517
07/18/2004,U,440154,271230,711384
07/19/2004,W,898918,593573,1492491
07/20/2004,W,896643,606660,1503303
07/21/2004,W,857917,590615,1448532
07/22/2004,W,858154,598156,1456310
07/23/2004,W,912722,590514,1503236
07/24/2004,A,586037,319483,905520
07/25/2004,U,425968,250189,676157
07/26/2004,W,852027,565461,1417488
07/27/2004,W,885055,590244,1475299
07/28/2004,W,883672,581804,1465476
07/29/2004,W,881356,574372,1455728
07/30/2004,W,918563,599378,1517941
07/31/2004,A,646791,376947,1023738
08/01/2004,U,455048,251600,706648
08/02/2004,W,882460,544308,1426768
08/03/2004,W,933741,570440,1504181
08/04/2004,W,867932,556467,1424399
08/05/2004,W,918039,572708,1490747
08/06/2004,W,918834,576089,1494923
08/07/2004,A,608291,319929,928220
08/08/2004,U,432272,235899,668171
08/09/2004,W,866609,543743,1410352
08/10/2004,W,859980,584756,1444736
08/11/2004,W,848020,581158,1429178
08/12/2004,W,836018,586637,1422655
08/13/2004,W,887566,591673,1479239
08/14/2004,A,659976,359470,1019446
08/15/2004,U,428984,239400,668384
08/16/2004,W,836413,531860,1368273
08/17/2004,W,847772,547281,1395053
08/18/2004,W,845492,550495,1395987
08/19/2004,W,861625,560944,1422569
08/20/2004,W,868398,568661,1437059
08/21/2004,A,660686,360597,1021283
08/22/2004,U,475738,271487,747225
08/23/2004,W,857805,566252,1424057
08/24/2004,W,819217,567497,1386714
08/25/2004,W,831352,570388,1401740
08/26/2004,W,860869,586981,1447850
08/27/2004,W,878628,605790,1484418
08/28/2004,A,548649,297684,846333
08/29/2004,U,407683,243215,650898
08/30/2004,W,884633,567769,1452402
08/31/2004,W,899858,586695,1486553
09/01/2004,W,973679,597386,1571065
09/02/2004,W,953427,599495,1552922
09/03/2004,W,975876,588503,1564379
09/04/2004,A,653547,326695,980242
09/05/2004,U,465576,257995,723571
09/06/2004,U,409232,232087,641319
09/07/2004,W,1050387,626352,1676739
09/08/2004,W,1050697,637961,1688658
09/09/2004,W,1045824,628271,1674095
09/10/2004,W,1053387,651710,1705097
09/11/2004,A,637407,355835,993242
09/12/2004,U,448166,258509,706675
09/13/2004,W,1042442,636868,1679310
09/14/2004,W,1046788,648153,1694941
09/15/2004,W,1024350,640279,1664629
09/16/2004,W,1029871,621221,1651092
09/17/2004,W,1047045,625246,1672291
09/18/2004,A,636532,340756,977288
09/19/2004,U,434873,237754,672627
09/20/2004,W,1037831,618982,1656813
09/21/2004,W,1050001,632360,1682361
09/22/2004,W,1032930,629320,1662250
09/23/2004,W,1044192,639139,1683331
09/24/2004,W,1036019,622291,1658310
09/25/2004,A,627583,322940,950523
09/26/2004,U,424978,226180,651158
09/27/2004,W,1027685,636750,1664435
09/28/2004,W,1032855,651704,1684559
09/29/2004,W,1026441,651246,1677687
09/30/2004,W,1028258,652621,1680879
10/01/2004,W,1093423,654384,1747807
10/02/2004,A,682534,363581,1046115
10/03/2004,U,450247,252513,702760
10/04/2004,W,1069102,626058,1695160
10/05/2004,W,1061080,632144,1693224
10/06/2004,W,1049585,633595,1683180
10/07/2004,W,1065448,640106,1705554
10/08/2004,W,993752,633554,1627306
10/09/2004,A,657042,363116,1020158
10/10/2004,U,421756,350585,772341
10/11/2004,W,798129,533211,1331340
10/12/2004,W,1049798,636093,1685891
10/13/2004,W,1041758,633630,1675388
10/14/2004,W,1039134,634855,1673989
10/15/2004,W,1030816,634543,1665359
10/16/2004,A,626844,326448,953292
10/17/2004,U,444240,243898,688138
10/18/2004,W,996730,609460,1606190
10/19/2004,W,1021166,624056,1645222
10/20/2004,W,1023397,623762,1647159
10/21/2004,W,1052476,637181,1689657
10/22/2004,W,1042359,629243,1671602
10/23/2004,A,596052,313794,909846
10/24/2004,U,436838,227357,664195
10/25/2004,W,1026913,612489,1639402
10/26/2004,W,1022142,621378,1643520
10/27/2004,W,1034962,628723,1663685
10/28/2004,W,1033261,629827,1663088
10/29/2004,W,1025574,630736,1656310
10/30/2004,A,594150,318073,912223
10/31/2004,U,429612,230321,659933
11/01/2004,W,953969,587503,1541472
11/02/2004,W,913103,577460,1490563
11/03/2004,W,1075369,625991,1701360
11/04/2004,W,1018608,623937,1642545
11/05/2004,W,1062739,630151,1692890
11/06/2004,A,647460,331394,978854
11/07/2004,U,427407,222194,649601
11/08/2004,W,1033733,615996,1649729
11/09/2004,W,1035702,629375,1665077
11/10/2004,W,1042750,635694,1678444
11/11/2004,W,812757,549029,1361786
11/12/2004,W,924772,606762,1531534
11/13/2004,A,625173,331920,957093
11/14/2004,U,413442,221405,634847
11/15/2004,W,1006969,611786,1618755
11/16/2004,W,1025607,623801,1649408
11/17/2004,W,1018184,620535,1638719
11/18/2004,W,951154,610552,1561706
11/19/2004,W,1021327,622698,1644025
11/20/2004,A,627629,371415,999044
11/21/2004,U,427753,229287,657040
11/22/2004,W,1018065,606086,1624151
11/23/2004,W,1019132,616805,1635937
11/24/2004,W,835824,550778,1386602
11/25/2004,U,287787,147567,435354
11/26/2004,W,591445,345213,936658
11/27/2004,A,472803,246053,718856
11/28/2004,U,384795,206685,591480
11/29/2004,W,962243,588392,1550635
11/30/2004,W,970374,600955,1571329
12/01/2004,W,1032681,614286,1646967
12/02/2004,W,1018483,613061,1631544
12/03/2004,W,1060084,615342,1675426
12/04/2004,A,638045,335317,973362
12/05/2004,U,425127,231858,656985
12/06/2004,W,1000415,587577,1587992
12/07/2004,W,948268,587165,1535433
12/08/2004,W,1017145,605103,1622248
12/09/2004,W,1006857,607436,1614293
12/10/2004,W,1010307,598887,1609194
12/11/2004,A,602774,318757,921531
12/12/2004,U,388481,205786,594267
12/13/2004,W,922941,562847,1485788
12/14/2004,W,934042,574048,1508090
12/15/2004,W,974391,584961,1559352
12/16/2004,W,969829,585749,1555578
12/17/2004,W,978842,572764,1551606
12/18/2004,A,587269,302065,889334
12/19/2004,U,320403,181261,501664
12/20/2004,W,726487,488937,1215424
12/21/2004,W,783801,508747,1292548
12/22/2004,W,725010,473787,1198797
12/23/2004,W,670666,408740,1079406
12/24/2004,W,425489,191941,617430
12/25/2004,U,213912,87992,301904
12/26/2004,U,327069,152351,479420
12/27/2004,W,650769,386604,1037373
12/28/2004,W,698229,438802,1137031
12/29/2004,W,726475,456993,1183468
12/30/2004,W,738698,457796,1196494
12/31/2004,W,633996,364015,998011
01/01/2005,U,334140,196267,530407
01/02/2005,U,373512,183672,557184
01/03/2005,W,894571,512620,1407191
01/04/2005,W,972798,559563,1532361
01/05/2005,W,851226,558698,1409924
01/06/2005,W,862750,554283,1417033
01/07/2005,W,915274,554769,1470043
01/08/2005,A,533884,261042,794926
01/09/2005,U,358628,177968,536596
01/10/2005,W,979955,584456,1564411
01/11/2005,W,954938,590368,1545306
01/12/2005,W,972407,589359,1561766
01/13/2005,W,931709,582596,1514305
01/14/2005,W,894841,552090,1446931
01/15/2005,A,481878,249401,731279
01/16/2005,U,314149,169880,484029
01/17/2005,W,539410,349284,888694
01/18/2005,W,907849,569801,1477650
01/19/2005,W,947581,583108,1530689
01/20/2005,W,936302,590558,1526860
01/21/2005,W,968823,591645,1560468
01/22/2005,A,422190,263129,685319
01/23/2005,U,345136,188044,533180
01/24/2005,W,957377,580140,1537517
01/25/2005,W,995268,592253,1587521
01/26/2005,W,947433,581016,1528449
01/27/2005,W,955413,587048,1542461
01/28/2005,W,857968,554367,1412335
01/29/2005,A,559310,277291,836601
01/30/2005,U,387197,187644,574841
01/31/2005,W,992251,583230,1575481
02/01/2005,W,1050914,598684,1649598
02/02/2005,W,1046742,599354,1646096
02/03/2005,W,1061904,607326,1669230
02/04/2005,W,1062971,595511,1658482
02/05/2005,A,670035,312338,982373
02/06/2005,U,413456,196102,609558
02/07/2005,W,987016,578699,1565715
02/08/2005,W,1005698,593343,1599041
02/09/2005,W,989259,595976,1585235
02/10/2005,W,1012514,596286,1608800
02/11/2005,W,999975,566136,1566111
02/12/2005,A,665453,316216,981669
02/13/2005,U,384592,194152,578744
02/14/2005,W,1015673,596928,1612601
02/15/2005,W,980220,590777,1570997
02/16/2005,W,1002714,602439,1605153
02/17/2005,W,981996,593476,1575472
02/18/2005,W,983784,582874,1566658
02/19/2005,A,619586,308419,928005
02/20/2005,U,365108,192834,557942
02/21/2005,W,723673,445742,1169415
02/22/2005,W,1002989,600405,1603394
02/23/2005,W,996383,601647,1598030
02/24/2005,W,982207,599568,1581775
02/25/2005,W,1002592,590287,1592879
02/26/2005,A,603707,304026,907733
02/27/2005,U,386996,200694,587690
02/28/2005,W,943655,578722,1522377
03/01/2005,W,1012943,591771,1604714
03/02/2005,W,984054,587875,1571929
03/03/2005,W,1030040,600570,1630610
03/04/2005,W,1027003,589864,1616867
03/05/2005,A,625252,303912,929164
03/06/2005,U,451472,218330,669802
03/07/2005,W,814934,533210,1348144
03/08/2005,W,1009879,597987,1607866
03/09/2005,W,996362,598004,1594366
03/10/2005,W,941999,585359,1527358
03/11/2005,W,994830,587513,1582343
03/12/2005,A,581761,317998,899759
03/13/2005,U,393195,205254,598449
03/14/2005,W,980033,583024,1563057
03/15/2005,W,1017371,606409,1623780
03/16/2005,W,1011281,607649,1618930
03/17/2005,W,989736,605564,1595300
03/18/2005,W,1017219,593449,1610668
03/19/2005,A,610862,312814,923676
03/20/2005,U,416015,208726,624741
03/21/2005,W,849240,544264,1393504
03/22/2005,W,861916,553996,1415912
03/23/2005,W,837601,544825,1382426
03/24/2005,W,848267,544242,1392509
03/25/2005,W,717162,456076,1173238
03/26/2005,A,550378,266697,817075
03/27/2005,U,392111,172199,564310
03/28/2005,W,968792,568013,1536805
03/29/2005,W,1001423,598783,1600206
03/30/2005,W,942056,580582,1522638
03/31/2005,W,966045,589937,1555982
04/01/2005,W,1050962,600913,1651875
04/02/2005,A,663367,322162,985529
04/03/2005,U,440189,229712,669901
04/04/2005,W,1035659,608092,1643751
04/05/2005,W,1048343,612259,1660602
04/06/2005,W,1005400,610876,1616276
04/07/2005,W,1001832,612048,1613880
04/08/2005,W,1034023,642939,1676962
04/09/2005,A,645280,347387,992667
04/10/2005,U,439237,244746,683983
04/11/2005,W,1013684,615683,1629367
04/12/2005,W,938160,597721,1535881
04/13/2005,W,1016213,630756,1646969
04/14/2005,W,1026667,616143,1642810
04/15/2005,W,953214,602625,1555839
04/16/2005,A,637641,331817,969458
04/17/2005,U,428663,225292,653955
04/18/2005,W,1015285,609637,1624922
04/19/2005,W,1011163,622316,1633479
04/20/2005,W,963837,600039,1563876
04/21/2005,W,954629,601125,1555754
04/22/2005,W,926157,588764,1514921
04/23/2005,A,541013,297122,838135
04/24/2005,U,401026,221195,622221
04/25/2005,W,1003896,610619,1614515
04/26/2005,W,1002029,620181,1622210
04/27/2005,W,932943,620361,1553304
04/28/2005,W,945137,604452,1549589
04/29/2005,W,1036716,608264,1644980
04/30/2005,A,635054,315323,950377
05/01/2005,U,406509,215144,621653
05/02/2005,W,1000310,585188,1585498
05/03/2005,W,1045152,610739,1655891
05/04/2005,W,1036608,612365,1648973
05/05/2005,W,1044204,621992,1666196
05/06/2005,W,1027299,626005,1653304
05/07/2005,A,613000,341551,954551
05/08/2005,U,441575,242829,684404
05/09/2005,W,960649,593537,1554186
05/10/2005,W,1033686,634549,1668235
05/11/2005,W,908042,592526,1500568
05/12/2005,W,976440,605243,1581683
05/13/2005,W,980674,597196,1577870
05/14/2005,A,615871,324491,940362
05/15/2005,U,400447,218269,618716
05/16/2005,W,1005555,598942,1604497
05/17/2005,W,1013627,607296,1620923
05/18/2005,W,1003414,604841,1608255
05/19/2005,W,951340,593341,1544681
05/20/2005,W,1028933,625628,1654561
05/21/2005,A,647441,353375,1000816
05/22/2005,U,436056,249081,685137
05/23/2005,W,997640,612963,1610603
05/24/2005,W,1017021,636017,1653038
05/25/2005,W,1002504,628633,1631137
05/26/2005,W,995429,632007,1627436
05/27/2005,W,987014,616101,1603115
05/28/2005,A,583683,356717,940400
05/29/2005,U,415969,261440,677409
05/30/2005,U,403677,232100,635777
05/31/2005,W,968847,591522,1560369
06/01/2005,W,1041992,613034,1655026
06/02/2005,W,1015376,603865,1619241
06/03/2005,W,1049697,616170,1665867
06/04/2005,A,621165,322782,943947
06/05/2005,U,448366,236960,685326
06/06/2005,W,1012097,619504,1631601
06/07/2005,W,1003186,628716,1631902
06/08/2005,W,984240,632453,1616693
06/09/2005,W,1000130,622726,1622856
06/10/2005,W,997687,654887,1652574
06/11/2005,A,647313,413642,1060955
06/12/2005,U,446785,287623,734408
06/13/2005,W,973038,628857,1601895
06/14/2005,W,955995,635882,1591877
06/15/2005,W,941737,637318,1579055
06/16/2005,W,931626,603660,1535286
06/17/2005,W,998232,611676,1609908
06/18/2005,A,636265,346258,982523
06/19/2005,U,459729,243775,703504
06/20/2005,W,880325,591715,1472040
06/21/2005,W,889907,606210,1496117
06/22/2005,W,890705,607690,1498395
06/23/2005,W,888587,593403,1481990
06/24/2005,W,869672,643554,1513226
06/25/2005,A,629963,398677,1028640
06/26/2005,U,456191,354882,811073
06/27/2005,W,867853,591716,1459569
06/28/2005,W,870601,632227,1502828
06/29/2005,W,871256,638601,1509857
06/30/2005,W,878941,646980,1525921
07/01/2005,W,945326,662564,1607890
07/02/2005,A,686826,463297,1150123
07/03/2005,U,559176,517599,1076775
07/04/2005,U,422316,278678,700994
07/05/2005,W,913873,569757,1483630
07/06/2005,W,926125,590642,1516767
07/07/2005,W,929359,578396,1507755
07/08/2005,W,950222,591325,1541547
07/09/2005,A,623556,331017,954573
07/10/2005,U,444647,239684,684331
07/11/2005,W,913284,573004,1486288
07/12/2005,W,909026,585394,1494420
07/13/2005,W,923039,596373,1519412
07/14/2005,W,936684,634107,1570791
07/15/2005,W,937018,631418,1568436
07/16/2005,A,640959,397796,1038755
07/17/2005,U,443824,270831,714655
07/18/2005,W,902531,582649,1485180
07/19/2005,W,937251,608460,1545711
07/20/2005,W,888241,597676,1485917
07/21/2005,W,920983,610460,1531443
07/22/2005,W,945311,614666,1559977
07/23/2005,A,604287,361618,965905
07/24/2005,U,393689,255844,649533
07/25/2005,W,850441,580681,1431122
07/26/2005,W,876111,588210,1464321
07/27/2005,W,931658,626793,1558451
07/28/2005,W,923931,626164,1550095
07/29/2005,W,928563,618229,1546792
07/30/2005,A,637235,388729,1025964
07/31/2005,U,446615,261208,707823
08/01/2005,W,954299,574337,1528636
08/02/2005,W,939108,600448,1539556
08/03/2005,W,950814,598977,1549791
08/04/2005,W,941632,597051,1538683
08/05/2005,W,965152,603948,1569100
08/06/2005,A,648849,357240,1006089
08/07/2005,U,457639,261349,718988
08/08/2005,W,910549,590758,1501307
08/09/2005,W,917522,606419,1523941
08/10/2005,W,913900,605306,1519206
08/11/2005,W,859482,588881,1448363
08/12/2005,W,929636,606537,1536173
08/13/2005,A,608908,350010,958918
08/14/2005,U,437664,248325,685989
08/15/2005,W,892308,574348,1466656
08/16/2005,W,904327,589228,1493555
08/17/2005,W,909306,590352,1499658
08/18/2005,W,855225,561329,1416554
08/19/2005,W,934667,602164,1536831
08/20/2005,A,659629,361304,1020933
08/21/2005,U,511141,292892,804033
08/22/2005,W,897988,597005,1494993
08/23/2005,W,907676,616739,1524415
08/24/2005,W,909467,616129,1525596
08/25/2005,W,907614,590749,1498363
08/26/2005,W,916046,625532,1541578
08/27/2005,A,632625,364516,997141
08/28/2005,U,445633,273101,718734
08/29/2005,W,921906,612444,1534350
08/30/2005,W,931235,625509,1556744
08/31/2005,W,928354,631355,1559709
09/01/2005,W,1019495,643731,1663226
09/02/2005,W,1015964,632104,1648068
09/03/2005,A,699122,377507,1076629
09/04/2005,U,504460,323512,827972
09/05/2005,U,469528,274053,743581
09/06/2005,W,1094714,647343,1742057
09/07/2005,W,1090847,664041,1754888
09/08/2005,W,1090390,671553,1761943
09/09/2005,W,1092990,672572,1765562
09/10/2005,A,662248,379906,1042154
09/11/2005,U,460444,257201,717645
09/12/2005,W,1088861,674800,1763661
09/13/2005,W,1081012,691104,1772116
09/14/2005,W,1072662,687668,1760330
09/15/2005,W,1070331,702096,1772427
09/16/2005,W,1061189,689685,1750874
09/17/2005,A,677602,404143,1081745
09/18/2005,U,473997,292920,766917
09/19/2005,W,1033841,657717,1691558
09/20/2005,W,1091052,685957,1777009
09/21/2005,W,1085278,685975,1771253
09/22/2005,W,1045853,672603,1718456
09/23/2005,W,1068977,699466,1768443
09/24/2005,A,632952,390116,1023068
09/25/2005,U,428577,277519,706096
09/26/2005,W,1050587,651165,1701752
09/27/2005,W,1091710,686977,1778687
09/28/2005,W,1019140,668450,1687590
09/29/2005,W,1065350,668926,1734276
09/30/2005,W,1114521,673776,1788297
10/01/2005,A,708008,373322,1081330
10/02/2005,U,451633,245477,697110
10/03/2005,W,1137817,638813,1776630
10/04/2005,W,1099740,677721,1777461
10/05/2005,W,1099507,689759,1789266
10/06/2005,W,1084528,679966,1764494
10/07/2005,W,1037669,663271,1700940
10/08/2005,A,638239,378215,1016454
10/09/2005,U,427142,372438,799580
10/10/2005,W,811357,562228,1373585
10/11/2005,W,1076154,687202,1763356
10/12/2005,W,1053577,685743,1739320
10/13/2005,W,1068998,665605,1734603
10/14/2005,W,1091226,683174,1774400
10/15/2005,A,670497,376816,1047313
10/16/2005,U,456332,268898,725230
10/17/2005,W,1046900,653518,1700418
10/18/2005,W,1071110,669214,1740324
10/19/2005,W,1056343,666799,1723142
10/20/2005,W,1057585,676430,1734015
10/21/2005,W,1064058,674291,1738349
10/22/2005,A,624399,385602,1010001
10/23/2005,U,421490,277349,698839
10/24/2005,W,995935,637292,1633227
10/25/2005,W,1034930,653259,1688189
10/26/2005,W,1041390,662049,1703439
10/27/2005,W,1039411,669962,1709373
10/28/2005,W,1050188,734562,1784750
10/29/2005,A,646559,378146,1024705
10/30/2005,U,436487,251042,687529
10/31/2005,W,1000931,636744,1637675
11/01/2005,W,1104565,668971,1773536
11/02/2005,W,1077276,667966,1745242
11/03/2005,W,1108680,678842,1787522
11/04/2005,W,994280,653744,1648024
11/05/2005,A,624689,351850,976539
11/06/2005,U,425669,239193,664862
11/07/2005,W,1060057,648893,1708950
11/08/2005,W,998603,642398,1641001
11/09/2005,W,1034556,655614,1690170
11/10/2005,W,1049433,672627,1722060
11/11/2005,W,862413,587641,1450054
11/12/2005,A,626889,351085,977974
11/13/2005,U,416141,247977,664118
11/14/2005,W,1021597,637498,1659095
11/15/2005,W,1001890,644740,1646630
11/16/2005,W,960835,625642,1586477
11/17/2005,W,982303,636292,1618595
11/18/2005,W,997001,635900,1632901
11/19/2005,A,643136,395851,1038987
11/20/2005,U,424683,243191,667874
11/21/2005,W,1023750,627654,1651404
11/22/2005,W,1012669,637432,1650101
11/23/2005,W,946475,594581,1541056
11/24/2005,U,265869,149351,415220
11/25/2005,W,542621,335201,877822
11/26/2005,A,520348,290786,811134
11/27/2005,U,378931,214449,593380
11/28/2005,W,964783,610273,1575056
11/29/2005,W,964736,621228,1585964
11/30/2005,W,975689,623427,1599116
12/01/2005,W,1002814,637299,1640113
12/02/2005,W,1012143,626729,1638872
12/03/2005,A,602909,343944,946853
12/04/2005,U,394671,232929,627600
12/05/2005,W,959432,591559,1550991
12/06/2005,W,943778,595172,1538950
12/07/2005,W,922076,591500,1513576
12/08/2005,W,900776,651313,1552089
12/09/2005,W,922330,630309,1552639
12/10/2005,A,545442,331523,876965
12/11/2005,U,384544,223869,608413
12/12/2005,W,974895,603601,1578496
12/13/2005,W,984740,612377,1597117
12/14/2005,W,959741,629222,1588963
12/15/2005,W,972435,621555,1593990
12/16/2005,W,952574,605734,1558308
12/17/2005,A,576780,326028,902808
12/18/2005,U,371336,222374,593710
12/19/2005,W,860779,535968,1396747
12/20/2005,W,894974,534766,1429740
12/21/2005,W,918067,553734,1471801
12/22/2005,W,912016,544544,1456560
12/23/2005,W,878003,479373,1357376
12/24/2005,A,481238,198644,679882
12/25/2005,U,263158,105718,368876
12/26/2005,U,437677,224784,662461
12/27/2005,W,735303,457726,1193029
12/28/2005,W,711850,462580,1174430
12/29/2005,W,738031,481238,1219269
12/30/2005,W,762706,471541,1234247
12/31/2005,A,526241,307444,833685
01/01/2006,U,287126,203291,490417
01/02/2006,U,360273,215920,576193
01/03/2006,W,772171,540341,1312512
01/04/2006,W,759600,543243,1302843
01/05/2006,W,766560,550285,1316845
01/06/2006,W,788239,551707,1339946
01/07/2006,A,518237,280538,798775
01/08/2006,U,367927,199691,567618
01/09/2006,W,917702,588402,1506104
01/10/2006,W,938390,600336,1538726
01/11/2006,W,927898,602096,1529994
01/12/2006,W,955926,616251,1572177
01/13/2006,W,887164,585207,1472371
01/14/2006,A,558211,309983,868194
01/15/2006,U,381225,223499,604724
01/16/2006,W,605772,399562,1005334
01/17/2006,W,948555,619527,1568082
01/18/2006,W,954238,621428,1575666
01/19/2006,W,983087,634043,1617130
01/20/2006,W,944694,615420,1560114
01/21/2006,A,542740,308378,851118
01/22/2006,U,371481,208257,579738
01/23/2006,W,976988,626292,1603280
01/24/2006,W,972893,634204,1607097
01/25/2006,W,980770,634664,1615434
01/26/2006,W,988382,643068,1631450
01/27/2006,W,889516,608327,1497843
01/28/2006,A,568287,314425,882712
01/29/2006,U,380026,223196,603222
01/30/2006,W,966708,614814,1581522
01/31/2006,W,995530,634459,1629989
02/01/2006,W,1035412,641676,1677088
02/02/2006,W,1025866,642353,1668219
02/03/2006,W,1020411,627330,1647741
02/04/2006,A,587568,317239,904807
02/05/2006,U,390808,211645,602453
02/06/2006,W,986048,612106,1598154
02/07/2006,W,1008328,631742,1640070
02/08/2006,W,977974,629155,1607129
02/09/2006,W,984574,635409,1619983
02/10/2006,W,1003608,623814,1627422
02/11/2006,A,601208,327796,929004
02/12/2006,U,405657,221409,627066
02/13/2006,W,799595,546148,1345743
02/14/2006,W,1044587,644218,1688805
02/15/2006,W,988045,626072,1614117
02/16/2006,W,930188,613347,1543535
02/17/2006,W,942685,604038,1546723
02/18/2006,A,450578,265649,716227
02/19/2006,U,334766,196957,531723
02/20/2006,W,681948,453199,1135147
02/21/2006,W,993188,623860,1617048
02/22/2006,W,999636,629122,1628758
02/23/2006,W,991146,635013,1626159
02/24/2006,W,987623,615401,1603024
02/25/2006,A,580618,314037,894655
02/26/2006,U,386242,211388,597630
02/27/2006,W,959193,603047,1562240
02/28/2006,W,987195,623237,1610432
03/01/2006,W,1020267,627527,1647794
03/02/2006,W,986927,620235,1607162
03/03/2006,W,1021045,620890,1641935
03/04/2006,A,609288,322365,931653
03/05/2006,U,363219,208605,571824
03/06/2006,W,794246,550369,1344615
03/07/2006,W,1006095,626557,1632652
03/08/2006,W,982979,623290,1606269
03/09/2006,W,979823,627081,1606904
03/10/2006,W,1015665,721158,1736823
03/11/2006,A,614019,386305,1000324
03/12/2006,U,400822,233603,634425
03/13/2006,W,968366,609970,1578336
03/14/2006,W,1000900,629929,1630829
03/15/2006,W,1005800,632700,1638500
03/16/2006,W,953483,630443,1583926
03/17/2006,W,989694,633801,1623495
03/18/2006,A,603484,347527,951011
03/19/2006,U,413687,225740,639427
03/20/2006,W,963013,587104,1550117
03/21/2006,W,943649,585590,1529239
03/22/2006,W,982523,605646,1588169
03/23/2006,W,979617,609325,1588942
03/24/2006,W,978424,597943,1576367
03/25/2006,A,620929,322685,943614
03/26/2006,U,433649,234862,668511
03/27/2006,W,962206,601488,1563694
03/28/2006,W,981183,619650,1600833
03/29/2006,W,987756,636692,1624448
03/30/2006,W,996804,600724,1597528
03/31/2006,W,1028124,641079,1669203
04/01/2006,A,620450,348344,968794
04/02/2006,U,391830,254413,646243
04/03/2006,W,985177,616386,1601563
04/04/2006,W,1042810,660381,1703191
04/05/2006,W,1020222,654034,1674256
04/06/2006,W,998368,635705,1634073
04/07/2006,W,880902,634777,1515679
04/08/2006,A,607382,360442,967824
04/09/2006,U,426567,258613,685180
04/10/2006,W,880692,601070,1481762
04/11/2006,W,885029,628374,1513403
04/12/2006,W,877362,627736,1505098
04/13/2006,W,871878,634065,1505943
04/14/2006,W,804781,551524,1356305
04/15/2006,A,592251,323845,916096
04/16/2006,U,324770,181980,506750
04/17/2006,W,964793,623255,1588048
04/18/2006,W,1000958,646316,1647274
04/19/2006,W,984239,652275,1636514
04/20/2006,W,938226,641954,1580180
04/21/2006,W,999808,659127,1658935
04/22/2006,A,607395,357315,964710
04/23/2006,U,415959,248173,664132
04/24/2006,W,998455,642816,1641271
04/25/2006,W,953034,636129,1589163
04/26/2006,W,952603,649967,1602570
04/27/2006,W,955057,644011,1599068
04/28/2006,W,1008989,666532,1675521
04/29/2006,A,574038,343244,917282
04/30/2006,U,345287,224122,569409
05/01/2006,W,997873,738966,1736839
05/02/2006,W,1045233,664946,1710179
05/03/2006,W,1060500,663686,1724186
05/04/2006,W,1047587,665514,1713101
05/05/2006,W,1023957,651798,1675755
05/06/2006,A,637405,368890,1006295
05/07/2006,U,438858,258592,697450
05/08/2006,W,1010412,624197,1634609
05/09/2006,W,1004081,650430,1654511
05/10/2006,W,1007923,648361,1656284
05/11/2006,W,926462,621331,1547793
05/12/2006,W,958553,639308,1597861
05/13/2006,A,587533,340904,928437
05/14/2006,U,411861,249652,661513
05/15/2006,W,961857,601838,1563695
05/16/2006,W,994913,648507,1643420
05/17/2006,W,964565,640270,1604835
05/18/2006,W,987234,653070,1640304
05/19/2006,W,994011,651428,1645439
05/20/2006,A,619536,365397,984933
05/21/2006,U,423940,258770,682710
05/22/2006,W,996607,629775,1626382
05/23/2006,W,1013298,647643,1660941
05/24/2006,W,951852,631510,1583362
05/25/2006,W,978387,639540,1617927
05/26/2006,W,988688,657379,1646067
05/27/2006,A,646979,358425,1005404
05/28/2006,U,461625,282850,744475
05/29/2006,U,381213,245203,626416
05/30/2006,W,945888,632333,1578221
05/31/2006,W,968145,646966,1615111
06/01/2006,W,1028046,638192,1666238
06/02/2006,W,1031966,647618,1679584
06/03/2006,A,668592,371768,1040360
06/04/2006,U,457674,274564,732238
06/05/2006,W,1005516,625171,1630687
06/06/2006,W,1008096,653049,1661145
06/07/2006,W,1012230,666040,1678270
06/08/2006,W,1011430,675651,1687081
06/09/2006,W,988332,652258,1640590
06/10/2006,A,573542,349687,923229
06/11/2006,U,424510,267884,692394
06/12/2006,W,960901,623525,1584426
06/13/2006,W,961923,664539,1626462
06/14/2006,W,941928,665279,1607207
06/15/2006,W,907237,659507,1566744
06/16/2006,W,966314,667762,1634076
06/17/2006,A,616266,384541,1000807
06/18/2006,U,412366,259888,672254
06/19/2006,W,880777,608854,1489631
06/20/2006,W,889908,636659,1526567
06/21/2006,W,859537,629433,1488970
06/22/2006,W,872019,633021,1505040
06/23/2006,W,905242,639365,1544607
06/24/2006,A,607951,371810,979761
06/25/2006,U,407079,302719,709798
06/26/2006,W,852939,626802,1479741
06/27/2006,W,886147,642922,1529069
06/28/2006,W,886828,649479,1536307
06/29/2006,W,899339,667597,1566936
06/30/2006,W,950077,716112,1666189
07/01/2006,A,631294,429319,1060613
07/02/2006,U,440041,343944,783985
07/03/2006,W,802169,684040,1486209
07/04/2006,U,450356,350242,800598
07/05/2006,W,901332,661426,1562758
07/06/2006,W,925381,678340,1603721
07/07/2006,W,928760,702727,1631487
07/08/2006,A,625575,423300,1048875
07/09/2006,U,443095,313512,756607
07/10/2006,W,900356,618702,1519058
07/11/2006,W,873419,605343,1478762
07/12/2006,W,926286,615196,1541482
07/13/2006,W,922492,644488,1566980
07/14/2006,W,889540,669868,1559408
07/15/2006,A,603018,412144,1015162
07/16/2006,U,418278,308173,726451
07/17/2006,W,886469,626986,1513455
07/18/2006,W,927651,675064,1602715
07/19/2006,W,911699,687896,1599595
07/20/2006,W,827202,644150,1471352
07/21/2006,W,931578,676491,1608069
07/22/2006,A,625346,408434,1033780
07/23/2006,U,446438,284632,731070
07/24/2006,W,906725,633184,1539909
07/25/2006,W,919219,650364,1569583
07/26/2006,W,897731,641296,1539027
07/27/2006,W,894993,663387,1558380
07/28/2006,W,900144,673789,1573933
07/29/2006,A,593188,423092,1016280
07/30/2006,U,416361,290935,707296
07/31/2006,W,831261,608739,1440000
08/01/2006,W,894297,619717,1514014
08/02/2006,W,872246,628299,1500545
08/03/2006,W,911057,656020,1567077
08/04/2006,W,951984,722072,1674056
08/05/2006,A,645372,472159,1117531
08/06/2006,U,451477,357797,809274
08/07/2006,W,905263,633078,1538341
08/08/2006,W,916905,646778,1563683
08/09/2006,W,909623,641076,1550699
08/10/2006,W,856682,614321,1471003
08/11/2006,W,909305,638056,1547361
08/12/2006,A,652458,391862,1044320
08/13/2006,U,433792,268208,702000
08/14/2006,W,857738,595551,1453289
08/15/2006,W,888214,618372,1506586
08/16/2006,W,878842,620892,1499734
08/17/2006,W,874196,628756,1502952
08/18/2006,W,869355,638938,1508293
08/19/2006,A,612065,384987,997052
08/20/2006,U,481484,321400,802884
08/21/2006,W,878842,613716,1492558
08/22/2006,W,896666,628952,1525618
08/23/2006,W,891561,632682,1524243
08/24/2006,W,831663,617548,1449211
08/25/2006,W,895640,645738,1541378
08/26/2006,A,592637,361355,953992
08/27/2006,U,417115,276143,693258
08/28/2006,W,792601,587722,1380323
08/29/2006,W,891705,638128,1529833
08/30/2006,W,913445,650359,1563804
08/31/2006,W,917102,654437,1571539
09/01/2006,W,977274,663472,1640746
09/02/2006,A,668504,405986,1074490
09/03/2006,U,488706,320575,809281
09/04/2006,U,404856,256882,661738
09/05/2006,W,1056228,680476,1736704
09/06/2006,W,1069326,706958,1776284
09/07/2006,W,1043601,726551,1770152
09/08/2006,W,985806,708845,1694651
09/09/2006,A,609019,386190,995209
09/10/2006,U,379770,245048,624818
09/11/2006,W,981275,656692,1637967
09/12/2006,W,1030796,694780,1725576
09/13/2006,W,992146,694220,1686366
09/14/2006,W,1054398,719561,1773959
09/15/2006,W,1060398,729995,1790393
09/16/2006,A,651694,421692,1073386
09/17/2006,U,433989,294159,728148
09/18/2006,W,1037929,688531,1726460
09/19/2006,W,1041255,690760,1732015
09/20/2006,W,1053131,700536,1753667
09/21/2006,W,1044501,696162,1740663
09/22/2006,W,993335,668669,1662004
09/23/2006,A,584517,349931,934448
09/24/2006,U,420423,259500,679923
09/25/2006,W,1041474,666046,1707520
09/26/2006,W,1054882,695484,1750366
09/27/2006,W,1035426,690413,1725839
09/28/2006,W,1043356,676811,1720167
09/29/2006,W,1058057,699340,1757397
09/30/2006,A,636906,394280,1031186
10/01/2006,U,462755,296236,758991
10/02/2006,W,981933,635901,1617834
10/03/2006,W,1064774,681381,1746155
10/04/2006,W,1026517,675804,1702321
10/05/2006,W,1060282,698851,1759133
10/06/2006,W,1055911,691122,1747033
10/07/2006,A,641240,373957,1015197
10/08/2006,U,452460,283787,736247
10/09/2006,W,806458,572361,1378819
10/10/2006,W,1055021,684475,1739496
10/11/2006,W,1022625,684138,1706763
10/12/2006,W,998899,676609,1675508
10/13/2006,W,1014747,680633,1695380
10/14/2006,A,622249,386404,1008653
10/15/2006,U,420083,260059,680142
10/16/2006,W,1011001,668480,1679481
10/17/2006,W,1029815,683799,1713614
10/18/2006,W,1035671,687285,1722956
10/19/2006,W,1035827,689629,1725456
10/20/2006,W,1031742,705991,1737733
10/21/2006,A,631254,403698,1034952
10/22/2006,U,389726,375938,765664
10/23/2006,W,1018534,659505,1678039
10/24/2006,W,1043962,675059,1719021
10/25/2006,W,1057646,663754,1721400
10/26/2006,W,994421,659139,1653560
10/27/2006,W,1007282,663912,1671194
10/28/2006,A,622775,364159,986934
10/29/2006,U,434824,265624,700448
10/30/2006,W,1033777,660257,1694034
10/31/2006,W,997495,663340,1660835
11/01/2006,W,1053237,673789,1727026
11/02/2006,W,1012046,671054,1683100
11/03/2006,W,959706,654291,1613997
11/04/2006,A,609584,356326,965910
11/05/2006,U,435747,266756,702503
11/06/2006,W,1026257,653935,1680192
11/07/2006,W,1033037,651606,1684643
11/08/2006,W,1046870,674951,1721821
11/09/2006,W,1001116,668263,1669379
11/10/2006,W,935843,610547,1546390
11/11/2006,A,591773,376391,968164
11/12/2006,U,417471,251876,669347
11/13/2006,W,1007564,643008,1650572
11/14/2006,W,1047208,669094,1716302
11/15/2006,W,1039976,661667,1701643
11/16/2006,W,998140,658701,1656841
11/17/2006,W,1018763,664438,1683201
11/18/2006,A,620464,403175,1023639
11/19/2006,U,417408,242830,660238
11/20/2006,W,1022880,638117,1660997
11/21/2006,W,1022970,651230,1674200
11/22/2006,W,980561,616974,1597535
11/23/2006,U,318233,182131,500364
11/24/2006,W,628700,393228,1021928
11/25/2006,A,549875,317650,867525
11/26/2006,U,400592,234961,635553
11/27/2006,W,1012191,628799,1640990
11/28/2006,W,1030255,648239,1678494
11/29/2006,W,976231,634505,1610736
11/30/2006,W,985569,649626,1635195
12/01/2006,W,912314,629776,1542090
12/02/2006,A,595637,338009,933646
12/03/2006,U,375419,224761,600180
12/04/2006,W,962864,605349,1568213
12/05/2006,W,992857,620241,1613098
12/06/2006,W,1015490,629687,1645177
12/07/2006,W,921792,603900,1525692
12/08/2006,W,952445,626294,1578739
12/09/2006,A,590225,344215,934440
12/10/2006,U,406068,237226,643294
12/11/2006,W,995926,609360,1605286
12/12/2006,W,991473,612992,1604465
12/13/2006,W,1020619,640224,1660843
12/14/2006,W,1007667,626704,1634371
12/15/2006,W,1002739,632077,1634816
12/16/2006,A,632218,356756,988974
12/17/2006,U,432910,251802,684712
12/18/2006,W,990534,591895,1582429
12/19/2006,W,1019785,596338,1616123
12/20/2006,W,975226,586048,1561274
12/21/2006,W,924778,564199,1488977
12/22/2006,W,906201,529373,1435574
12/23/2006,A,578507,277455,855962
12/24/2006,U,391926,175847,567773
12/25/2006,U,242369,112855,355224
12/26/2006,W,652808,377449,1030257
12/27/2006,W,732919,460703,1193622
12/28/2006,W,758151,487441,1245592
12/29/2006,W,816636,499735,1316371
12/30/2006,A,589298,310684,899982
12/31/2006,U,412048,293362,705410
01/01/2007,U,326042,219953,545995
01/02/2007,W,772549,452097,1224646
01/03/2007,W,871683,561287,1432970
01/04/2007,W,814984,548904,1363888
01/05/2007,W,862748,569322,1432070
01/06/2007,A,580851,305019,885870
01/07/2007,U,384626,208188,592814
01/08/2007,W,976783,594028,1570811
01/09/2007,W,978577,598746,1577323
01/10/2007,W,968643,599118,1567761
01/11/2007,W,967218,602194,1569412
01/12/2007,W,973391,603456,1576847
01/13/2007,A,562827,308047,870874
01/14/2007,U,368736,217983,586719
01/15/2007,W,604564,389675,994239
01/16/2007,W,978082,620145,1598227
01/17/2007,W,977527,618895,1596422
01/18/2007,W,982237,620579,1602816
01/19/2007,W,978490,617473,1595963
01/20/2007,A,576490,316657,893147
01/21/2007,U,364130,214796,578926
01/22/2007,W,1002003,616824,1618827
01/23/2007,W,1011645,629993,1641638
01/24/2007,W,1006911,629208,1636119
01/25/2007,W,988347,630002,1618349
01/26/2007,W,901880,600561,1502441
01/27/2007,A,578477,314380,892857
01/28/2007,U,345116,199255,544371
01/29/2007,W,945286,594742,1540028
01/30/2007,W,952201,604145,1556346
01/31/2007,W,943384,598814,1542198
02/01/2007,W,1007882,616420,1624302
02/02/2007,W,958446,584607,1543053
02/03/2007,A,454188,247767,701955
02/04/2007,U,266510,162712,429222
02/05/2007,W,761572,500675,1262247
02/06/2007,W,850354,564981,1415335
02/07/2007,W,933093,593113,1526206
02/08/2007,W,948308,591797,1540105
02/09/2007,W,944364,582089,1526453
02/10/2007,A,546086,292046,838132
02/11/2007,U,369026,201895,570921
02/12/2007,W,793846,530211,1324057
02/13/2007,W,805441,607127,1412568
02/14/2007,W,884567,596676,1481243
02/15/2007,W,933588,604415,1538003
02/16/2007,W,928048,589591,1517639
02/17/2007,A,562470,306944,869414
02/18/2007,U,394698,226617,621315
02/19/2007,W,736322,466950,1203272
02/20/2007,W,1030943,626057,1657000
02/21/2007,W,1036604,631249,1667853
02/22/2007,W,1018598,631479,1650077
02/23/2007,W,999849,617663,1617512
02/24/2007,A,544391,302947,847338
02/25/2007,U,331808,195652,527460
02/26/2007,W,953661,597444,1551105
02/27/2007,W,998059,610100,1608159
02/28/2007,W,997324,617882,1615206
03/01/2007,W,991173,616136,1607309
03/02/2007,W,961731,596551,1558282
03/03/2007,A,582869,304060,886929
03/04/2007,U,400292,214735,615027
03/05/2007,W,861145,558483,1419628
03/06/2007,W,1004928,611416,1616344
03/07/2007,W,1000287,611040,1611327
03/08/2007,W,1019684,625383,1645067
03/09/2007,W,1021269,616768,1638037
03/10/2007,A,645222,343183,988405
03/11/2007,U,435861,237257,673118
03/12/2007,W,1009154,613447,1622601
03/13/2007,W,1053169,648460,1701629
03/14/2007,W,1010219,631196,1641415
03/15/2007,W,1011742,635295,1647037
03/16/2007,W,1019835,638871,1658706
03/17/2007,A,622487,432315,1054802
03/18/2007,U,420366,236110,656476
03/19/2007,W,1007874,607303,1615177
03/20/2007,W,1031451,620644,1652095
03/21/2007,W,970928,596843,1567771
03/22/2007,W,1025487,620409,1645896
03/23/2007,W,997803,601679,1599482
03/24/2007,A,619377,326859,946236
03/25/2007,U,442112,267216,709328
03/26/2007,W,1011806,604279,1616085
03/27/2007,W,1010067,606509,1616576
03/28/2007,W,981180,608639,1589819
03/29/2007,W,1014456,626073,1640529
03/30/2007,W,1037493,621496,1658989
03/31/2007,A,608037,323073,931110
04/01/2007,U,425595,222200,647795
04/02/2007,W,936869,574727,1511596
04/03/2007,W,932688,564461,1497149
04/04/2007,W,874823,565985,1440808
04/05/2007,W,892666,577450,1470116
04/06/2007,W,822387,508529,1330916
04/07/2007,A,547926,279962,827888
04/08/2007,U,374365,189557,563922
04/09/2007,W,1002171,601020,1603191
04/10/2007,W,1048978,629888,1678866
04/11/2007,W,921761,585857,1507618
04/12/2007,W,1015749,617734,1633483
04/13/2007,W,946466,621763,1568229
04/14/2007,A,619468,349162,968630
04/15/2007,U,447385,250988,698373
04/16/2007,W,1057373,622244,1679617
04/17/2007,W,1058244,631795,1690039
04/18/2007,W,1030970,617779,1648749
04/19/2007,W,987896,617546,1605442
04/20/2007,W,1049980,647296,1697276
04/21/2007,A,672236,371504,1043740
04/22/2007,U,474187,271708,745895
04/23/2007,W,1021947,617017,1638964
04/24/2007,W,1054294,631249,1685543
04/25/2007,W,927830,604311,1532141
04/26/2007,W,954930,604957,1559887
04/27/2007,W,1017433,617985,1635418
04/28/2007,A,657645,320088,977733
04/29/2007,U,467869,237595,705464
04/30/2007,W,1030435,599953,1630388
05/01/2007,W,1096741,680365,1777106
05/02/2007,W,1067338,617675,1685013
05/03/2007,W,1102282,631926,1734208
05/04/2007,W,1081903,642564,1724467
05/05/2007,A,664729,360852,1025581
05/06/2007,U,470694,266988,737682
05/07/2007,W,1059535,610376,1669911
05/08/2007,W,1079400,648555,1727955
05/09/2007,W,1061512,645132,1706644
05/10/2007,W,1065947,654856,1720803
05/11/2007,W,1050841,668098,1718939
05/12/2007,A,660001,329029,989030
05/13/2007,U,446076,224489,670565
05/14/2007,W,1017451,586905,1604356
05/15/2007,W,999166,604844,1604010
05/16/2007,W,1028004,625297,1653301
05/17/2007,W,1043033,627116,1670149
05/18/2007,W,1044582,643462,1688044
05/19/2007,A,684079,343947,1028026
05/20/2007,U,422463,233007,655470
05/21/2007,W,1039954,614276,1654230
05/22/2007,W,1044661,627087,1671748
05/23/2007,W,1028065,623366,1651431
05/24/2007,W,1009067,617536,1626603
05/25/2007,W,995233,611019,1606252
05/26/2007,A,556682,307727,864409
05/27/2007,U,451833,270636,722469
05/28/2007,U,415256,254935,670191
05/29/2007,W,1024735,622662,1647397
05/30/2007,W,1055384,637763,1693147
05/31/2007,W,997007,612977,1609984
06/01/2007,W,1079848,654251,1734099
06/02/2007,A,680844,367035,1047879
06/03/2007,U,461358,263646,725004
06/04/2007,W,988557,611310,1599867
06/05/2007,W,1067413,643474,1710887
06/06/2007,W,1047624,641107,1688731
06/07/2007,W,1041490,656169,1697659
06/08/2007,W,1025937,653397,1679334
06/09/2007,A,661835,402393,1064228
06/10/2007,U,466294,291979,758273
06/11/2007,W,1000007,645161,1645168
06/12/2007,W,1015390,660899,1676289
06/13/2007,W,955467,654913,1610380
06/14/2007,W,944081,653008,1597089
06/15/2007,W,1018966,670995,1689961
06/16/2007,A,633038,363871,996909
06/17/2007,U,464411,257682,722093
06/18/2007,W,898272,590320,1488592
06/19/2007,W,954392,618913,1573305
06/20/2007,W,952574,625805,1578379
06/21/2007,W,941671,626907,1568578
06/22/2007,W,915690,623048,1538738
06/23/2007,A,576598,336644,913242
06/24/2007,U,451145,346881,798026
06/25/2007,W,922491,619299,1541790
06/26/2007,W,887917,623390,1511307
06/27/2007,W,905210,627568,1532778
06/28/2007,W,927302,620611,1547913
06/29/2007,W,968906,708650,1677556
06/30/2007,A,680629,447188,1127817
07/01/2007,U,495101,354648,849749
07/02/2007,W,955129,644079,1599208
07/03/2007,W,1048504,848262,1896766
07/04/2007,U,486961,349716,836677
07/05/2007,W,933153,655871,1589024
07/06/2007,W,956208,696508,1652716
07/07/2007,A,640418,398525,1038943
07/08/2007,U,443791,287948,731739
07/09/2007,W,896820,587889,1484709
07/10/2007,W,939774,610001,1549775
07/11/2007,W,973860,629790,1603650
07/12/2007,W,962640,631002,1593642
07/13/2007,W,956346,676306,1632652
07/14/2007,A,687968,383132,1071100
07/15/2007,U,489228,289728,778956
07/16/2007,W,939642,627282,1566924
07/17/2007,W,945057,637429,1582486
07/18/2007,W,939708,654848,1594556
07/19/2007,W,935717,648112,1583829
07/20/2007,W,959207,655992,1615199
07/21/2007,A,685445,366356,1051801
07/22/2007,U,480317,266827,747144
07/23/2007,W,937452,613805,1551257
07/24/2007,W,935763,624166,1559929
07/25/2007,W,939278,626658,1565936
07/26/2007,W,919288,624338,1543626
07/27/2007,W,923332,625772,1549104
07/28/2007,A,641760,380163,1021923
07/29/2007,U,457951,272684,730635
07/30/2007,W,917757,620439,1538196
07/31/2007,W,946285,637331,1583616
08/01/2007,W,974958,643448,1618406
08/02/2007,W,944912,650901,1595813
08/03/2007,W,976842,692273,1669115
08/04/2007,A,646378,422115,1068493
08/05/2007,U,457228,332786,790014
08/06/2007,W,908881,591244,1500125
08/07/2007,W,930259,609984,1540243
08/08/2007,W,911127,598593,1509720
08/09/2007,W,921233,610768,1532001
08/10/2007,W,942284,617817,1560101
08/11/2007,A,710009,379200,1089209
08/12/2007,U,472709,262521,735230
08/13/2007,W,901029,574616,1475645
08/14/2007,W,905711,605080,1510791
08/15/2007,W,906121,603458,1509579
08/16/2007,W,910468,620464,1530932
08/17/2007,W,940525,629675,1570200
08/18/2007,A,613516,367895,981411
08/19/2007,U,384648,241159,625807
08/20/2007,W,869663,597026,1466689
08/21/2007,W,927597,600468,1528065
08/22/2007,W,929593,601469,1531062
08/23/2007,W,848806,578731,1427537
08/24/2007,W,886880,605153,1492033
08/25/2007,A,660678,362365,1023043
08/26/2007,U,491356,274617,765973
08/27/2007,W,952232,609440,1561672
08/28/2007,W,986289,648482,1634771
08/29/2007,W,961627,640436,1602063
08/30/2007,W,968474,666661,1635135
08/31/2007,W,1012720,674373,1687093
09/01/2007,A,697334,412998,1110332
09/02/2007,U,506887,328760,835647
09/03/2007,U,461629,275023,736652
09/04/2007,W,1096027,666200,1762227
09/05/2007,W,1097897,689499,1787396
09/06/2007,W,1068817,689347,1758164
09/07/2007,W,1043967,668804,1712771
09/08/2007,A,700510,374022,1074532
09/09/2007,U,484803,266371,751174
09/10/2007,W,1072218,676612,1748830
09/11/2007,W,1108582,679973,1788555
09/12/2007,W,1090043,680733,1770776
09/13/2007,W,1073415,664991,1738406
09/14/2007,W,1070397,669129,1739526
09/15/2007,A,642789,378741,1021530
09/16/2007,U,455579,272814,728393
09/17/2007,W,1080112,675627,1755739
09/18/2007,W,1104193,689330,1793523
09/19/2007,W,1098945,692726,1791671
09/20/2007,W,1085299,682588,1767887
09/21/2007,W,1077275,697999,1775274
09/22/2007,A,678534,361587,1040121
09/23/2007,U,481232,269325,750557
09/24/2007,W,1065887,649262,1715149
09/25/2007,W,1064946,664976,1729922
09/26/2007,W,1009515,660197,1669712
09/27/2007,W,1093222,675936,1769158
09/28/2007,W,1080223,680820,1761043
09/29/2007,A,678705,358750,1037455
09/30/2007,U,463947,239074,703021
10/01/2007,W,1088750,652510,1741260
10/02/2007,W,1129578,669817,1799395
10/03/2007,W,1141300,678734,1820034
10/04/2007,W,1121496,682778,1804274
10/05/2007,W,1108038,681736,1789774
10/06/2007,A,693470,430713,1124183
10/07/2007,U,450253,394647,844900
10/08/2007,W,857090,563619,1420709
10/09/2007,W,1119151,673318,1792469
10/10/2007,W,1075443,666054,1741497
10/11/2007,W,1080412,674960,1755372
10/12/2007,W,1081900,669582,1751482
10/13/2007,A,657864,338481,996345
10/14/2007,U,452914,234730,687644
10/15/2007,W,1087003,651751,1738754
10/16/2007,W,1084935,664961,1749896
10/17/2007,W,1096384,668523,1764907
10/18/2007,W,1056395,666975,1723370
10/19/2007,W,974134,654836,1628970
10/20/2007,A,731918,352442,1084360
10/21/2007,U,499779,243884,743663
10/22/2007,W,1056369,648233,1704602
10/23/2007,W,1088752,662913,1751665
10/24/2007,W,1080803,662981,1743784
10/25/2007,W,1072949,672155,1745104
10/26/2007,W,1061706,659354,1721060
10/27/2007,A,678861,330492,1009353
10/28/2007,U,472765,233248,706013
10/29/2007,W,1049394,639837,1689231
10/30/2007,W,1088015,654838,1742853
10/31/2007,W,1036100,646598,1682698
11/01/2007,W,1102515,662120,1764635
11/02/2007,W,1019370,640204,1659574
11/03/2007,A,718550,331447,1049997
11/04/2007,U,491005,224395,715400
11/05/2007,W,1074116,645467,1719583
11/06/2007,W,1063193,655389,1718582
11/07/2007,W,1010629,643227,1653856
11/08/2007,W,1058758,663386,1722144
11/09/2007,W,1038131,658500,1696631
11/10/2007,A,699360,323757,1023117
11/11/2007,U,462568,216467,679035
11/12/2007,W,843086,551847,1394933
11/13/2007,W,1095253,660671,1755924
11/14/2007,W,1073985,652294,1726279
11/15/2007,W,1056246,653620,1709866
11/16/2007,W,1063833,645494,1709327
11/17/2007,A,651609,373784,1025393
11/18/2007,U,451689,224895,676584
11/19/2007,W,1045626,628079,1673705
11/20/2007,W,1055688,638081,1693769
11/21/2007,W,933046,578739,1511785
11/22/2007,U,294447,157890,452337
11/23/2007,W,619195,356064,975259
11/24/2007,A,541464,285732,827196
11/25/2007,U,396237,221021,617258
11/26/2007,W,1009519,612439,1621958
11/27/2007,W,1044685,629784,1674469
11/28/2007,W,1030447,627268,1657715
11/29/2007,W,1015386,625742,1641128
11/30/2007,W,1064598,631624,1696222
12/01/2007,A,606838,307004,913842
12/02/2007,U,423280,219797,643077
12/03/2007,W,1064265,605852,1670117
12/04/2007,W,1082140,625524,1707664
12/05/2007,W,1024462,623607,1648069
12/06/2007,W,1029586,619960,1649546
12/07/2007,W,956775,609732,1566507
12/08/2007,A,636461,326501,962962
12/09/2007,U,423634,215699,639333
12/10/2007,W,1036018,597674,1633692
12/11/2007,W,1002470,605203,1607673
12/12/2007,W,1051962,615293,1667255
12/13/2007,W,1039827,615948,1655775
12/14/2007,W,1045488,611182,1656670
12/15/2007,A,606795,316867,923662
12/16/2007,U,412777,215055,627832
12/17/2007,W,968005,564404,1532409
12/18/2007,W,1009642,582487,1592129
12/19/2007,W,1027855,587683,1615538
12/20/2007,W,1016117,578637,1594754
12/21/2007,W,1014168,563789,1577957
12/22/2007,A,613180,290854,904034
12/23/2007,U,347895,184560,532455
12/24/2007,W,531176,252649,783825
12/25/2007,U,249699,111582,361281
12/26/2007,W,707668,399662,1107330
12/27/2007,W,773602,462843,1236445
12/28/2007,W,747807,463830,1211637
12/29/2007,A,546998,277819,824817
12/30/2007,U,412003,232213,644216
12/31/2007,W,669463,405727,1075190
01/01/2008,U,295571,174243,469814
01/02/2008,W,699149,471241,1170390
01/03/2008,W,783950,517492,1301442
01/04/2008,W,851632,537002,1388634
01/05/2008,A,568839,280264,849103
01/06/2008,U,415385,207391,622776
01/07/2008,W,988485,588092,1576577
01/08/2008,W,990597,592632,1583229
01/09/2008,W,1023189,604515,1627704
01/10/2008,W,998489,602398,1600887
01/11/2008,W,1022368,602428,1624796
01/12/2008,A,604388,299546,903934
01/13/2008,U,391645,202380,594025
01/14/2008,W,996258,607357,1603615
01/15/2008,W,1013209,616432,1629641
01/16/2008,W,1041939,626138,1668077
01/17/2008,W,998608,619823,1618431
01/18/2008,W,959859,585432,1545291
01/19/2008,A,414819,231306,646125
01/20/2008,U,291354,168692,460046
01/21/2008,W,611887,382753,994640
01/22/2008,W,992432,615285,1607717
01/23/2008,W,974052,605979,1580031
01/24/2008,W,910998,588279,1499277
01/25/2008,W,859813,565226,1425039
01/26/2008,A,572085,293979,866064
01/27/2008,U,413581,213177,626758
01/28/2008,W,1025845,623259,1649104
01/29/2008,W,1011729,627428,1639157
01/30/2008,W,882014,580657,1462671
01/31/2008,W,961357,626504,1587861
02/01/2008,W,911151,593534,1504685
02/02/2008,A,627807,320544,948351
02/03/2008,U,416661,216443,633104
02/04/2008,W,1004041,608975,1613016
02/05/2008,W,1058756,632513,1691269
02/06/2008,W,925504,609115,1534619
02/07/2008,W,1028104,633781,1661885
02/08/2008,W,1031968,622837,1654805
02/09/2008,A,627412,319751,947163
02/10/2008,U,300232,176228,476460
02/11/2008,W,818840,559672,1378512
02/12/2008,W,819820,553554,1373374
02/13/2008,W,1039517,630232,1669749
02/14/2008,W,1074632,640598,1715230
02/15/2008,W,1036232,618258,1654490
02/16/2008,A,649814,336935,986749
02/17/2008,U,411858,218846,630704
02/18/2008,W,715974,456610,1172584
02/19/2008,W,967658,595964,1563622
02/20/2008,W,961552,601847,1563399
02/21/2008,W,1001382,615384,1616766
02/22/2008,W,1021900,610589,1632489
02/23/2008,A,648822,325327,974149
02/24/2008,U,439134,222548,661682
02/25/2008,W,1003187,602866,1606053
02/26/2008,W,970886,605240,1576126
02/27/2008,W,1019462,617002,1636464
02/28/2008,W,1028392,620602,1648994
02/29/2008,W,1049773,618230,1668003
03/01/2008,A,668866,322061,990927
03/02/2008,U,465660,229531,695191
03/03/2008,W,890785,556767,1447552
03/04/2008,W,1053813,619343,1673156
03/05/2008,W,1059027,620660,1679687
03/06/2008,W,1055418,624362,1679780
03/07/2008,W,1031200,604635,1635835
03/08/2008,A,590236,294749,884985
03/09/2008,U,415621,215690,631311
03/10/2008,W,1024901,606737,1631638
03/11/2008,W,1062865,633917,1696782
03/12/2008,W,1068268,640051,1708319
03/13/2008,W,1070019,642018,1712037
03/14/2008,W,1077635,647279,1724914
03/15/2008,A,645518,407380,1052898
03/16/2008,U,447363,243823,691186
03/17/2008,W,897500,584885,1482385
03/18/2008,W,909978,593247,1503225
03/19/2008,W,945983,608639,1554622
03/20/2008,W,955273,600735,1556008
03/21/2008,W,767583,493573,1261156
03/22/2008,A,589688,288852,878540
03/23/2008,U,401640,192284,593924
03/24/2008,W,1001268,570762,1572030
03/25/2008,W,1036465,596853,1633318
03/26/2008,W,1050176,603440,1653616
03/27/2008,W,986130,588572,1574702
03/28/2008,W,1053516,604448,1657964
03/29/2008,A,688035,319080,1007115
03/30/2008,U,442777,233663,676440
03/31/2008,W,1008940,622143,1631083
04/01/2008,W,1114418,637976,1752394
04/02/2008,W,1118495,661969,1780464
04/03/2008,W,1112511,663802,1776313
04/04/2008,W,1115690,653351,1769041
04/05/2008,A,765299,356215,1121514
04/06/2008,U,523895,249096,772991
04/07/2008,W,1084375,638419,1722794
04/08/2008,W,1063269,628618,1691887
04/09/2008,W,1092341,646940,1739281
04/10/2008,W,994944,620427,1615371
04/11/2008,W,999556,629067,1628623
04/12/2008,A,664161,302616,966777
04/13/2008,U,479293,216008,695301
04/14/2008,W,1088485,635754,1724239
04/15/2008,W,1127401,649135,1776536
04/16/2008,W,1064026,661463,1725489
04/17/2008,W,1091387,665873,1757260
04/18/2008,W,1097367,652105,1749472
04/19/2008,A,686540,340662,1027202
04/20/2008,U,519280,266945,786225
04/21/2008,W,1088521,651232,1739753
04/22/2008,W,1085729,671423,1757152
04/23/2008,W,1055157,650232,1705389
04/24/2008,W,1021163,649514,1670677
04/25/2008,W,1054844,629468,1684312
04/26/2008,A,698927,319314,1018241
04/27/2008,U,481571,225896,707467
04/28/2008,W,1009567,606882,1616449
04/29/2008,W,1091930,652034,1743964
04/30/2008,W,1104713,662503,1767216
05/01/2008,W,1129443,680679,1810122
05/02/2008,W,1082350,641332,1723682
05/03/2008,A,716121,344446,1060567
05/04/2008,U,536640,245821,782461
05/05/2008,W,1111775,633266,1745041
05/06/2008,W,1122716,651484,1774200
05/07/2008,W,1045666,631068,1676734
05/08/2008,W,1112033,655364,1767397
05/09/2008,W,1117011,659889,1776900
05/10/2008,A,742741,326525,1069266
05/11/2008,U,409987,193452,603439
05/12/2008,W,1070403,630574,1700977
05/13/2008,W,1092576,652724,1745300
05/14/2008,W,1083589,650904,1734493
05/15/2008,W,1092014,662730,1754744
05/16/2008,W,1110816,668057,1778873
05/17/2008,A,749048,350884,1099932
05/18/2008,U,518114,248679,766793
05/19/2008,W,1076847,614865,1691712
05/20/2008,W,1085719,634661,1720380
05/21/2008,W,1108988,647342,1756330
05/22/2008,W,1097500,649513,1747013
05/23/2008,W,1074370,622769,1697139
05/24/2008,A,692374,371905,1064279
05/25/2008,U,502997,284612,787609
05/26/2008,U,460848,274870,735718
05/27/2008,W,1026141,626634,1652775
05/28/2008,W,1105899,647402,1753301
05/29/2008,W,1090598,653634,1744232
05/30/2008,W,1079526,637842,1717368
05/31/2008,A,788945,374327,1163272
06/01/2008,U,566162,279274,845436
06/02/2008,W,1098574,638006,1736580
06/03/2008,W,1073873,643040,1716913
06/04/2008,W,1114498,656098,1770596
06/05/2008,W,1104182,673642,1777824
06/06/2008,W,1087144,661938,1749082
06/07/2008,A,708308,358623,1066931
06/08/2008,U,494209,281814,776023
06/09/2008,W,1032999,630410,1663409
06/10/2008,W,1117614,685952,1803566
06/11/2008,W,1100852,696784,1797636
06/12/2008,W,1026283,681143,1707426
06/13/2008,W,1084190,655268,1739458
06/14/2008,A,785252,368109,1153361
06/15/2008,U,495972,235961,731933
06/16/2008,W,999214,614395,1613609
06/17/2008,W,1033341,643362,1676703
06/18/2008,W,1043814,654284,1698098
06/19/2008,W,1037717,659852,1697569
06/20/2008,W,996558,662324,1658882
06/21/2008,A,741561,399150,1140711
06/22/2008,U,531761,282226,813987
06/23/2008,W,1019631,625987,1645618
06/24/2008,W,1046337,666522,1712859
06/25/2008,W,1005969,662936,1668905
06/26/2008,W,1052301,685526,1737827
06/27/2008,W,1019687,693555,1713242
06/28/2008,A,730245,483016,1213261
06/29/2008,U,505046,412562,917608
06/30/2008,W,1037295,679631,1716926
07/01/2008,W,1098281,694175,1792456
07/02/2008,W,1043654,675750,1719404
07/03/2008,W,1143777,905742,2049519
07/04/2008,U,606974,421170,1028144
07/05/2008,A,675949,409554,1085503
07/06/2008,U,520542,324341,844883
07/07/2008,W,990782,608485,1599267
07/08/2008,W,1052665,666338,1719003
07/09/2008,W,1093064,686636,1779700
07/10/2008,W,1029219,674645,1703864
07/11/2008,W,1059114,682404,1741518
07/12/2008,A,718369,361910,1080279
07/13/2008,U,553236,291565,844801
07/14/2008,W,1058694,637119,1695813
07/15/2008,W,1088616,655456,1744072
07/16/2008,W,1063054,651228,1714282
07/17/2008,W,1070349,656485,1726834
07/18/2008,W,1050847,664271,1715118
07/19/2008,A,675968,342834,1018802
07/20/2008,U,546570,284611,831181
07/21/2008,W,1024212,635587,1659799
07/22/2008,W,1077279,666303,1743582
07/23/2008,W,1082583,672801,1755384
07/24/2008,W,1062708,695993,1758701
07/25/2008,W,1032058,683549,1715607
07/26/2008,A,733901,446775,1180676
07/27/2008,U,520244,291389,811633
07/28/2008,W,996509,622637,1619146
07/29/2008,W,1014276,654547,1668823
07/30/2008,W,1009837,641527,1651364
07/31/2008,W,976117,652936,1629053
08/01/2008,W,1081564,766911,1848475
08/02/2008,A,764749,502705,1267454
08/03/2008,U,549191,403165,952356
08/04/2008,W,929003,636533,1565536
08/05/2008,W,997379,673384,1670763
08/06/2008,W,1020516,684080,1704596
08/07/2008,W,1024746,683487,1708233
08/08/2008,W,1041165,713105,1754270
08/09/2008,A,770627,431699,1202326
08/10/2008,U,542860,314698,857558
08/11/2008,W,969826,623874,1593700
08/12/2008,W,989226,632942,1622168
08/13/2008,W,973719,627548,1601267
08/14/2008,W,993155,638565,1631720
08/15/2008,W,1038006,651338,1689344
08/16/2008,A,748347,414784,1163131
08/17/2008,U,539476,317781,857257
08/18/2008,W,974311,621522,1595833
08/19/2008,W,1012560,662493,1675053
08/20/2008,W,1019019,671769,1690788
08/21/2008,W,1006682,679508,1686190
08/22/2008,W,1009399,677130,1686529
08/23/2008,A,750128,387758,1137886
08/24/2008,U,547427,295072,842499
08/25/2008,W,1012339,631974,1644313
08/26/2008,W,1051063,653148,1704211
08/27/2008,W,1040926,650396,1691322
08/28/2008,W,1022254,678635,1700889
08/29/2008,W,1080840,681463,1762303
08/30/2008,A,766930,395205,1162135
08/31/2008,U,557427,325462,882889
09/01/2008,U,500748,293458,794206
09/02/2008,W,1131494,681719,1813213
09/03/2008,W,1166955,710304,1877259
09/04/2008,W,1025296,653827,1679123
09/05/2008,W,1171756,698545,1870301
09/06/2008,A,778425,416356,1194781
09/07/2008,U,529779,273883,803662
09/08/2008,W,1058699,651127,1709826
09/09/2008,W,1176865,712792,1889657
09/10/2008,W,1167063,719905,1886968
09/11/2008,W,1156490,719806,1876296
09/12/2008,W,1120112,700943,1821055
09/13/2008,A,597639,317145,914784
09/14/2008,U,399483,231026,630509
09/15/2008,W,1140716,692029,1832745
09/16/2008,W,1168626,731344,1899970
09/17/2008,W,1172871,740575,1913446
09/18/2008,W,1169932,739141,1909073
09/19/2008,W,1174967,743560,1918527
09/20/2008,A,791707,447679,1239386
09/21/2008,U,551489,317922,869411
09/22/2008,W,1140486,690356,1830842
09/23/2008,W,1163232,707370,1870602
09/24/2008,W,1148720,713572,1862292
09/25/2008,W,1162318,720003,1882321
09/26/2008,W,1090515,708141,1798656
09/27/2008,A,753562,409500,1163062
09/28/2008,U,508469,280560,789029
09/29/2008,W,1074139,671489,1745628
09/30/2008,W,1137377,706085,1843462
10/01/2008,W,1197836,724444,1922280
10/02/2008,W,1180204,731452,1911656
10/03/2008,W,1211992,706967,1918959
10/04/2008,A,778642,387182,1165824
10/05/2008,U,512429,271121,783550
10/06/2008,W,1166019,698883,1864902
10/07/2008,W,1133103,689214,1822317
10/08/2008,W,1141745,693515,1835260
10/09/2008,W,1161478,703190,1864668
10/10/2008,W,1169810,716085,1885895
10/11/2008,A,750797,444185,1194982
10/12/2008,U,495211,436316,931527
10/13/2008,W,909500,599831,1509331
10/14/2008,W,1165787,704419,1870206
10/15/2008,W,1115651,694445,1810096
10/16/2008,W,1166556,715760,1882316
10/17/2008,W,1162723,709679,1872402
10/18/2008,A,766941,425998,1192939
10/19/2008,U,537382,296713,834095
10/20/2008,W,1092061,674708,1766769
10/21/2008,W,1158146,701303,1859449
10/22/2008,W,1149832,699333,1849165
10/23/2008,W,1144729,703527,1848256
10/24/2008,W,1036465,675065,1711530
10/25/2008,A,718718,391521,1110239
10/26/2008,U,492388,269253,761641
10/27/2008,W,1085873,677343,1763216
10/28/2008,W,1129560,690269,1819829
10/29/2008,W,1123289,696994,1820283
10/30/2008,W,1142793,709395,1852188
10/31/2008,W,1135299,709363,1844662
11/01/2008,A,734026,385865,1119891
11/02/2008,U,525585,278142,803727
11/03/2008,W,1178414,690751,1869165
11/04/2008,W,1152333,786405,1938738
11/05/2008,W,1156522,715659,1872181
11/06/2008,W,1101916,691666,1793582
11/07/2008,W,1040709,678770,1719479
11/08/2008,A,675404,398288,1073692
11/09/2008,U,475132,267029,742161
11/10/2008,W,1000224,656658,1656882
11/11/2008,W,891353,599602,1490955
11/12/2008,W,1081236,679826,1761062
11/13/2008,W,1074912,684049,1758961
11/14/2008,W,1133869,683123,1816992
11/15/2008,A,688151,374896,1063047
11/16/2008,U,459244,245130,704374
11/17/2008,W,1080548,652199,1732747
11/18/2008,W,1093821,666335,1760156
11/19/2008,W,1114917,670515,1785432
11/20/2008,W,1085367,670667,1756034
11/21/2008,W,1087614,657879,1745493
11/22/2008,A,697641,417656,1115297
11/23/2008,U,477070,243556,720626
11/24/2008,W,1060943,638066,1699009
11/25/2008,W,1088066,653433,1741499
11/26/2008,W,1032378,599978,1632356
11/27/2008,U,350071,189458,539529
11/28/2008,W,668376,363454,1031830
11/29/2008,A,595913,320575,916488
11/30/2008,U,384770,217697,602467
12/01/2008,W,1060059,635852,1695911
12/02/2008,W,1095425,652324,1747749
12/03/2008,W,1115007,658630,1773637
12/04/2008,W,1063682,651130,1714812
12/05/2008,W,1028359,628044,1656403
12/06/2008,A,596202,347667,943869
12/07/2008,U,406475,241719,648194
12/08/2008,W,1039370,618281,1657651
12/09/2008,W,1000971,619711,1620682
12/10/2008,W,1041145,640709,1681854
12/11/2008,W,1059298,653239,1712537
12/12/2008,W,1016010,626638,1642648
12/13/2008,A,625939,350799,976738
12/14/2008,U,440496,247568,688064
12/15/2008,W,899917,564467,1464384
12/16/2008,W,906945,632719,1539664
12/17/2008,W,982687,615707,1598394
12/18/2008,W,995662,618571,1614233
12/19/2008,W,894131,596207,1490338
12/20/2008,A,589697,335672,925369
12/21/2008,U,280044,172052,452096
12/22/2008,W,703302,474711,1178013
12/23/2008,W,742980,501283,1244263
12/24/2008,W,626374,339616,965990
12/25/2008,U,238727,113322,352049
12/26/2008,W,564107,321342,885449
12/27/2008,A,510369,254291,764660
12/28/2008,U,397897,219334,617231
12/29/2008,W,813142,503359,1316501
12/30/2008,W,820666,523516,1344182
12/31/2008,W,743027,480797,1223824
01/01/2009,U,338779,238590,577369
01/02/2009,W,765802,443439,1209241
01/03/2009,A,580506,293634,874140
01/04/2009,U,402180,213098,615278
01/05/2009,W,1012207,591455,1603662
01/06/2009,W,1006184,600314,1606498
01/07/2009,W,991858,606481,1598339
01/08/2009,W,1000931,606524,1607455
01/09/2009,W,985250,625043,1610293
01/10/2009,A,521906,304657,826563
01/11/2009,U,390151,219600,609751
01/12/2009,W,1009651,629944,1639595
01/13/2009,W,952091,615363,1567454
01/14/2009,W,905548,620646,1526194
01/15/2009,W,755677,532219,1287896
01/16/2009,W,822136,542180,1364316
01/17/2009,A,553273,302764,856037
01/18/2009,U,397317,224910,622227
01/19/2009,W,665251,409551,1074802
01/20/2009,W,1018227,624553,1642780
01/21/2009,W,1068170,647903,1716073
01/22/2009,W,1082611,657786,1740397
01/23/2009,W,979795,622633,1602428
01/24/2009,A,561515,316086,877601
01/25/2009,U,376302,215452,591754
01/26/2009,W,1024953,633365,1658318
01/27/2009,W,1050873,646578,1697451
01/28/2009,W,1044085,653089,1697174
01/29/2009,W,1040926,648114,1689040
01/30/2009,W,1059741,627734,1687475
01/31/2009,A,667780,340757,1008537
02/01/2009,U,459271,242773,702044
02/02/2009,W,1062276,628819,1691095
02/03/2009,W,1058730,636578,1695308
02/04/2009,W,1026435,631042,1657477
02/05/2009,W,1064605,643718,1708323
02/06/2009,W,1090042,639394,1729436
02/07/2009,A,722336,387825,1110161
02/08/2009,U,469249,245082,714331
02/09/2009,W,1061620,634229,1695849
02/10/2009,W,1121451,666014,1787465
02/11/2009,W,1001838,637558,1639396
02/12/2009,W,943891,620278,1564169
02/13/2009,W,1008863,643066,1651929
02/14/2009,A,711324,388028,1099352
02/15/2009,U,466104,262442,728546
02/16/2009,W,765356,486133,1251489
02/17/2009,W,1087248,654156,1741404
02/18/2009,W,1030930,637389,1668319
02/19/2009,W,1004978,639414,1644392
02/20/2009,W,1032282,632936,1665218
02/21/2009,A,578539,329252,907791
02/22/2009,U,422899,231506,654405
02/23/2009,W,1030913,619409,1650322
02/24/2009,W,1072167,642992,1715159
02/25/2009,W,1082105,650665,1732770
02/26/2009,W,981515,624424,1605939
02/27/2009,W,1045953,631269,1677222
02/28/2009,A,639146,349295,988441
03/01/2009,U,385236,219552,604788
03/02/2009,W,866001,570796,1436797
03/03/2009,W,1095720,642501,1738221
03/04/2009,W,1098350,648398,1746748
03/05/2009,W,1105607,658867,1764474
03/06/2009,W,1106466,653708,1760174
03/07/2009,A,564839,319673,884512
03/08/2009,U,367983,212484,580467
03/09/2009,W,1073249,638209,1711458
03/10/2009,W,1026177,636119,1662296
03/11/2009,W,1058738,649963,1708701
03/12/2009,W,1039462,646252,1685714
03/13/2009,W,1075419,656181,1731600
03/14/2009,A,699923,471323,1171246
03/15/2009,U,484927,286972,771899
03/16/2009,W,1040208,648040,1688248
03/17/2009,W,1110747,683241,1793988
03/18/2009,W,1051328,653127,1704455
03/19/2009,W,1073688,656286,1729974
03/20/2009,W,1064573,643149,1707722
03/21/2009,A,684551,377094,1061645
03/22/2009,U,471865,260374,732239
03/23/2009,W,1007657,598236,1605893
03/24/2009,W,1023641,616038,1639679
03/25/2009,W,1052157,625381,1677538
03/26/2009,W,1053676,633781,1687457
03/27/2009,W,969091,614690,1583781
03/28/2009,A,582316,331568,913884
03/29/2009,U,360851,229406,590257
03/30/2009,W,1044468,628992,1673460
03/31/2009,W,1007561,628945,1636506
04/01/2009,W,1103516,658559,1762075
04/02/2009,W,1017567,649643,1667210
04/03/2009,W,1094889,653334,1748223
04/04/2009,A,696212,390735,1086947
04/05/2009,U,394704,236381,631085
04/06/2009,W,878367,593691,1472058
04/07/2009,W,948719,636189,1584908
04/08/2009,W,963532,642963,1606495
04/09/2009,W,952099,638401,1590500
04/10/2009,W,866040,562197,1428237
04/11/2009,A,641437,349911,991348
04/12/2009,U,423274,228889,652163
04/13/2009,W,937261,619681,1556942
04/14/2009,W,1028849,642703,1671552
04/15/2009,W,1073275,682839,1756114
04/16/2009,W,1082379,692868,1775247
04/17/2009,W,1087613,695313,1782926
04/18/2009,A,690066,421519,1111585
04/19/2009,U,398430,243756,642186
04/20/2009,W,1007645,629066,1636711
04/21/2009,W,1030738,659154,1689892
04/22/2009,W,1040599,679753,1720352
04/23/2009,W,1039524,688741,1728265
04/24/2009,W,1084984,679180,1764164
04/25/2009,A,612802,358235,971037
04/26/2009,U,422437,251595,674032
04/27/2009,W,972593,633164,1605757
04/28/2009,W,1043138,650112,1693250
04/29/2009,W,1045681,648841,1694522
04/30/2009,W,999397,660465,1659862
05/01/2009,W,1116163,677684,1793847
05/02/2009,A,764832,399421,1164253
05/03/2009,U,528055,291070,819125
05/04/2009,W,1081915,667219,1749134
05/05/2009,W,1091934,680732,1772666
05/06/2009,W,1040297,650834,1691131
05/07/2009,W,1071031,675865,1746896
05/08/2009,W,1084713,657966,1742679
05/09/2009,A,674760,343099,1017859
05/10/2009,U,474595,249540,724135
05/11/2009,W,1019002,620480,1639482
05/12/2009,W,1070549,675570,1746119
05/13/2009,W,979697,640084,1619781
05/14/2009,W,1074183,690670,1764853
05/15/2009,W,985291,650805,1636096
05/16/2009,A,746301,406577,1152878
05/17/2009,U,511550,293680,805230
05/18/2009,W,1045190,623839,1669029
05/19/2009,W,1072111,650975,1723086
05/20/2009,W,1085546,664197,1749743
05/21/2009,W,1070609,663646,1734255
05/22/2009,W,1052067,637603,1689670
05/23/2009,A,700549,367228,1067777
05/24/2009,U,511582,288558,800140
05/25/2009,U,409208,258452,667660
05/26/2009,W,998498,634549,1633047
05/27/2009,W,1026962,648266,1675228
05/28/2009,W,1038163,663980,1702143
05/29/2009,W,1064215,677893,1742108
05/30/2009,A,695552,385727,1081279
05/31/2009,U,511749,289239,800988
06/01/2009,W,1011224,619841,1631065
06/02/2009,W,1036601,635007,1671608
06/03/2009,W,1092082,659178,1751260
06/04/2009,W,1078827,665490,1744317
06/05/2009,W,1074738,656345,1731083
06/06/2009,A,676207,368951,1045158
06/07/2009,U,489403,264624,754027
06/08/2009,W,1003036,633669,1636705
06/09/2009,W,1017857,645412,1663269
06/10/2009,W,1010707,655620,1666327
06/11/2009,W,881200,627380,1508580
06/12/2009,W,1067730,722970,1790700
06/13/2009,A,619909,429667,1049576
06/14/2009,U,519510,372743,892253
06/15/2009,W,969271,636444,1605715
06/16/2009,W,913925,644994,1558919
06/17/2009,W,978050,671546,1649596
06/18/2009,W,970757,684946,1655703
06/19/2009,W,868477,622117,1490594
06/20/2009,A,757562,423217,1180779
06/21/2009,U,514773,292519,807292
06/22/2009,W,957022,623252,1580274
06/23/2009,W,978739,644145,1622884
06/24/2009,W,937838,642145,1579983
06/25/2009,W,969861,659105,1628966
06/26/2009,W,985078,708491,1693569
06/27/2009,A,692627,469970,1162597
06/28/2009,U,516762,469985,986747
06/29/2009,W,961592,649188,1610780
06/30/2009,W,962402,648809,1611211
07/01/2009,W,1003064,680635,1683699
07/02/2009,W,1020960,713778,1734738
07/03/2009,U,791721,711335,1503056
07/04/2009,A,540914,394405,935319
07/05/2009,U,507244,364973,872217
07/06/2009,W,966889,643223,1610112
07/07/2009,W,977293,670829,1648122
07/08/2009,W,954018,667258,1621276
07/09/2009,W,1002646,673821,1676467
07/10/2009,W,938460,672582,1611042
07/11/2009,A,733100,422670,1155770
07/12/2009,U,525978,335349,861327
07/13/2009,W,975656,638789,1614445
07/14/2009,W,975173,644793,1619966
07/15/2009,W,984189,650434,1634623
07/16/2009,W,990574,683021,1673595
07/17/2009,W,954520,667858,1622378
07/18/2009,A,711371,421356,1132727
07/19/2009,U,493670,311785,805455
07/20/2009,W,963999,643810,1607809
07/21/2009,W,986777,683790,1670567
07/22/2009,W,973865,654420,1628285
07/23/2009,W,959920,673917,1633837
07/24/2009,W,968278,686977,1655255
07/25/2009,A,693104,467927,1161031
07/26/2009,U,490518,334490,825008
07/27/2009,W,939982,648312,1588294
07/28/2009,W,956278,667503,1623781
07/29/2009,W,958820,672872,1631692
07/30/2009,W,926905,680056,1606961
07/31/2009,W,997830,674810,1672640
08/01/2009,A,712791,396785,1109576
08/02/2009,U,541877,324804,866681
08/03/2009,W,945629,612506,1558135
08/04/2009,W,966555,645725,1612280
08/05/2009,W,965266,653026,1618292
08/06/2009,W,958790,673897,1632687
08/07/2009,W,900717,695143,1595860
08/08/2009,A,714606,503501,1218107
08/09/2009,U,492623,383769,876392
08/10/2009,W,920020,624034,1544054
08/11/2009,W,950753,672387,1623140
08/12/2009,W,951988,666879,1618867
08/13/2009,W,946370,674767,1621137
08/14/2009,W,969081,683249,1652330
08/15/2009,A,722837,472275,1195112
08/16/2009,U,473628,338169,811797
08/17/2009,W,854426,594551,1448977
08/18/2009,W,948964,636143,1585107
08/19/2009,W,917526,624721,1542247
08/20/2009,W,922627,630083,1552710
08/21/2009,W,946374,633411,1579785
08/22/2009,A,713225,393634,1106859
08/23/2009,U,516846,283806,800652
08/24/2009,W,966314,634030,1600344
08/25/2009,W,993279,680981,1674260
08/26/2009,W,921926,651492,1573418
08/27/2009,W,934232,664531,1598763
08/28/2009,W,974302,674306,1648608
08/29/2009,A,708836,405427,1114263
08/30/2009,U,505635,302535,808170
08/31/2009,W,975508,658827,1634335
09/01/2009,W,1055167,680368,1735535
09/02/2009,W,1032505,682877,1715382
09/03/2009,W,1063234,714324,1777558
09/04/2009,W,1020694,678461,1699155
09/05/2009,A,701349,428069,1129418
09/06/2009,U,503694,338561,842255
09/07/2009,U,463198,299374,762572
09/08/2009,W,1004429,709373,1713802
09/09/2009,W,1097851,711047,1808898
09/10/2009,W,1099979,713849,1813828
09/11/2009,W,1114404,743271,1857675
09/12/2009,A,728447,482038,1210485
09/13/2009,U,517813,355437,873250
09/14/2009,W,1101985,714141,1816126
09/15/2009,W,1115027,729171,1844198
09/16/2009,W,1108929,732849,1841778
09/17/2009,W,1112462,745180,1857642
09/18/2009,W,1102861,708997,1811858
09/19/2009,A,721408,415652,1137060
09/20/2009,U,480835,292572,773407
09/21/2009,W,1076200,692304,1768504
09/22/2009,W,1098839,708391,1807230
09/23/2009,W,1102842,718424,1821266
09/24/2009,W,1099145,712276,1811421
09/25/2009,W,1010229,697003,1707232
09/26/2009,A,702445,426960,1129405
09/27/2009,U,494098,295158,789256
09/28/2009,W,1025351,659478,1684829
09/29/2009,W,1070466,701863,1772329
09/30/2009,W,1092412,723123,1815535
10/01/2009,W,1092443,714559,1807002
10/02/2009,W,1094376,710954,1805330
10/03/2009,A,715566,415308,1130874
10/04/2009,U,514280,309529,823809
10/05/2009,W,1110701,690993,1801694
10/06/2009,W,1071550,693172,1764722
10/07/2009,W,1111089,714396,1825485
10/08/2009,W,1063003,714502,1777505
10/09/2009,W,1023705,689843,1713548
10/10/2009,A,676836,433332,1110168
10/11/2009,U,436381,428201,864582
10/12/2009,W,827772,594084,1421856
10/13/2009,W,1102805,706201,1809006
10/14/2009,W,1077269,703009,1780278
10/15/2009,W,1052994,712178,1765172
10/16/2009,W,1067868,708838,1776706
10/17/2009,A,692682,420801,1113483
10/18/2009,U,494901,296936,791837
10/19/2009,W,1094468,697391,1791859
10/20/2009,W,1095869,709084,1804953
10/21/2009,W,1110910,714863,1825773
10/22/2009,W,1051505,708978,1760483
10/23/2009,W,932000,664168,1596168
10/24/2009,A,672636,394925,1067561
10/25/2009,U,471453,278478,749931
10/26/2009,W,1045756,673242,1718998
10/27/2009,W,1106013,699054,1805067
10/28/2009,W,1091208,699543,1790751
10/29/2009,W,1096369,715628,1811997
10/30/2009,W,1035778,680089,1715867
10/31/2009,A,698324,406844,1105168
11/01/2009,U,494777,290701,785478
11/02/2009,W,1099218,681759,1780977
11/03/2009,W,1136686,697012,1833698
11/04/2009,W,1105418,695322,1800740
11/05/2009,W,1114979,710657,1825636
11/06/2009,W,1015815,683216,1699031
11/07/2009,A,723832,419045,1142877
11/08/2009,U,512125,297504,809629
11/09/2009,W,1076270,673433,1749703
11/10/2009,W,1090758,686972,1777730
11/11/2009,W,908424,620355,1528779
11/12/2009,W,1097428,709937,1807365
11/13/2009,W,1092994,693142,1786136
11/14/2009,A,694924,410234,1105158
11/15/2009,U,460225,274484,734709
11/16/2009,W,1061332,668884,1730216
11/17/2009,W,1060364,677993,1738357
11/18/2009,W,1043248,676849,1720097
11/19/2009,W,1021173,682045,1703218
11/20/2009,W,1105710,692325,1798035
11/21/2009,A,702789,482859,1185648
11/22/2009,U,485345,297371,782716
11/23/2009,W,1073100,665885,1738985
11/24/2009,W,1054145,665966,1720111
11/25/2009,W,997101,612769,1609870
11/26/2009,U,329214,188829,518043
11/27/2009,W,647293,378145,1025438
11/28/2009,A,587950,342511,930461
11/29/2009,U,399383,238190,637573
11/30/2009,W,1048329,650622,1698951
12/01/2009,W,1130467,682786,1813253
12/02/2009,W,1094833,673684,1768517
12/03/2009,W,1098849,686030,1784879
12/04/2009,W,973336,652626,1625962
12/05/2009,A,671524,385396,1056920
12/06/2009,U,461240,276654,737894
12/07/2009,W,1034149,643604,1677753
12/08/2009,W,1031237,661097,1692334
12/09/2009,W,985064,649445,1634509
12/10/2009,W,875574,598439,1474013
12/11/2009,W,980494,627993,1608487
12/12/2009,A,653142,371427,1024569
12/13/2009,U,457587,265706,723293
12/14/2009,W,1003184,616209,1619393
12/15/2009,W,988681,619534,1608215
12/16/2009,W,968963,614739,1583702
12/17/2009,W,995849,624996,1620845
12/18/2009,W,1005529,623684,1629213
12/19/2009,A,612039,350048,962087
12/20/2009,U,441105,257984,699089
12/21/2009,W,848265,548679,1396944
12/22/2009,W,818602,546637,1365239
12/23/2009,W,778855,498841,1277696
12/24/2009,W,584096,303611,887707
12/25/2009,U,249347,121545,370892
12/26/2009,A,464351,237093,701444
12/27/2009,U,368183,207527,575710
12/28/2009,W,740043,469843,1209886
12/29/2009,W,753943,488944,1242887
12/30/2009,W,760344,500436,1260780
12/31/2009,W,750868,461311,1212179
01/01/2010,U,348324,217060,565384
01/02/2010,A,484655,264011,748666
01/03/2010,U,354762,200944,555706
01/04/2010,W,938766,569397,1508163
01/05/2010,W,970860,589044,1559904
01/06/2010,W,980962,598511,1579473
01/07/2010,W,901941,616491,1518432
01/08/2010,W,937662,597434,1535096
01/09/2010,A,550886,310265,861151
01/10/2010,U,372942,216331,589273
01/11/2010,W,983964,609826,1593790
01/12/2010,W,1012053,626651,1638704
01/13/2010,W,1031317,632953,1664270
01/14/2010,W,1036398,641827,1678225
01/15/2010,W,1043125,634202,1677327
01/16/2010,A,616904,348293,965197
01/17/2010,U,437665,251971,689636
01/18/2010,W,672311,416744,1089055
01/19/2010,W,1083689,661331,1745020
01/20/2010,W,1069450,657695,1727145
01/21/2010,W,1037561,659269,1696830
01/22/2010,W,1061872,642443,1704315
01/23/2010,A,636107,355143,991250
01/24/2010,U,416766,239968,656734
01/25/2010,W,1039778,645886,1685664
01/26/2010,W,1037134,653753,1690887
01/27/2010,W,1022417,648561,1670978
01/28/2010,W,1002952,647250,1650202
01/29/2010,W,918474,610943,1529417
01/30/2010,A,636005,358140,994145
01/31/2010,U,437345,249932,687277
02/01/2010,W,1091041,648428,1739469
02/02/2010,W,1062988,651659,1714647
02/03/2010,W,1114266,661280,1775546
02/04/2010,W,1090369,666455,1756824
02/05/2010,W,1047904,641303,1689207
02/06/2010,A,616747,354178,970925
02/07/2010,U,417214,248644,665858
02/08/2010,W,1006311,637392,1643703
02/09/2010,W,913022,646792,1559814
02/10/2010,W,939412,645430,1584842
02/11/2010,W,921768,657486,1579254
02/12/2010,W,886702,608456,1495158
02/13/2010,A,641619,385945,1027564
02/14/2010,U,486887,309746,796633
02/15/2010,W,722405,483572,1205977
02/16/2010,W,1028597,665769,1694366
02/17/2010,W,1028817,663479,1692296
02/18/2010,W,1026992,673127,1700119
02/19/2010,W,1030451,658459,1688910
02/20/2010,A,625306,379346,1004652
02/21/2010,U,418101,256673,674774
02/22/2010,W,953759,633739,1587498
02/23/2010,W,1015116,659707,1674823
02/24/2010,W,996077,660548,1656625
02/25/2010,W,1000799,668380,1669179
02/26/2010,W,999789,649111,1648900
02/27/2010,A,603577,372769,976346
02/28/2010,U,418652,259369,678021
03/01/2010,W,893861,606818,1500679
03/02/2010,W,1032445,666762,1699207
03/03/2010,W,1062280,674355,1736635
03/04/2010,W,1051738,680673,1732411
03/05/2010,W,1036156,664445,1700601
03/06/2010,A,662470,399749,1062219
03/07/2010,U,418097,257932,676029
03/08/2010,W,1013812,651269,1665081
03/09/2010,W,1025242,665192,1690434
03/10/2010,W,1030470,670440,1700910
03/11/2010,W,994390,664881,1659271
03/12/2010,W,1013971,662812,1676783
03/13/2010,A,593823,443491,1037314
03/14/2010,U,428683,273849,702532
03/15/2010,W,996747,648605,1645352
03/16/2010,W,1036185,679563,1715748
03/17/2010,W,1043518,689789,1733307
03/18/2010,W,1036643,690207,1726850
03/19/2010,W,1022766,663983,1686749
03/20/2010,A,505581,325253,830834
03/21/2010,U,405115,271794,676909
03/22/2010,W,981316,617250,1598566
03/23/2010,W,1012454,638684,1651138
03/24/2010,W,987466,633221,1620687
03/25/2010,W,949845,629016,1578861
03/26/2010,W,971169,632589,1603758
03/27/2010,A,608093,373225,981318
03/28/2010,U,413535,260956,674491
03/29/2010,W,852199,601592,1453791
03/30/2010,W,884276,625592,1509868
03/31/2010,W,901476,645780,1547256
04/01/2010,W,949879,673448,1623327
04/02/2010,W,881173,601009,1482182
04/03/2010,A,583966,340842,924808
04/04/2010,U,400341,234963,635304
04/05/2010,W,975213,657842,1633055
04/06/2010,W,984899,664805,1649704
04/07/2010,W,940753,666668,1607421
04/08/2010,W,988825,683625,1672450
04/09/2010,W,948808,679699,1628507
04/10/2010,A,663179,440432,1103611
04/11/2010,U,440552,289141,729693
04/12/2010,W,1008809,689027,1697836
04/13/2010,W,1031798,679327,1711125
04/14/2010,W,1043690,714316,1758006
04/15/2010,W,1040113,728178,1768291
04/16/2010,W,1005953,706984,1712937
04/17/2010,A,643599,438658,1082257
04/18/2010,U,443588,309798,753386
04/19/2010,W,1006105,663348,1669453
04/20/2010,W,1023621,685488,1709109
04/21/2010,W,1010968,682322,1693290
04/22/2010,W,976688,683400,1660088
04/23/2010,W,996166,671480,1667646
04/24/2010,A,588835,385430,974265
04/25/2010,U,387151,264966,652117
04/26/2010,W,1014665,682134,1696799
04/27/2010,W,1022698,697232,1719930
04/28/2010,W,981925,695381,1677306
04/29/2010,W,971157,697327,1668484
04/30/2010,W,1032120,707210,1739330
05/01/2010,A,668743,455658,1124401
05/02/2010,U,458651,314736,773387
05/03/2010,W,1051064,673932,1724996
05/04/2010,W,1047595,687646,1735241
05/05/2010,W,1033684,692081,1725765
05/06/2010,W,1030345,690306,1720651
05/07/2010,W,959307,650935,1610242
05/08/2010,A,608071,379017,987088
05/09/2010,U,439376,282516,721892
05/10/2010,W,982426,680635,1663061
05/11/2010,W,948970,668287,1617257
05/12/2010,W,987926,682843,1670769
05/13/2010,W,955701,664390,1620091
05/14/2010,W,1022640,708596,1731236
05/15/2010,A,632980,428608,1061588
05/16/2010,U,446820,316780,763600
05/17/2010,W,951092,643233,1594325
05/18/2010,W,976377,669846,1646223
05/19/2010,W,1009046,668811,1677857
05/20/2010,W,982640,667152,1649792
05/21/2010,W,949316,656659,1605975
05/22/2010,A,646961,413263,1060224
05/23/2010,U,490423,322958,813381
05/24/2010,W,974382,650835,1625217
05/25/2010,W,1005290,690144,1695434
05/26/2010,W,1004824,688396,1693220
05/27/2010,W,995700,697901,1693601
05/28/2010,W,994671,694492,1689163
05/29/2010,A,645684,455979,1101663
05/30/2010,U,480340,367778,848118
05/31/2010,U,347857,243566,591423
06/01/2010,W,1024767,669261,1694028
06/02/2010,W,990049,663107,1653156
06/03/2010,W,1042401,688706,1731107
06/04/2010,W,1013014,679386,1692400
06/05/2010,A,596776,390596,987372
06/06/2010,U,455093,308756,763849
06/07/2010,W,1001595,679492,1681087
06/08/2010,W,931456,652565,1584021
06/09/2010,W,1032439,707821,1740260
06/10/2010,W,1019373,707755,1727128
06/11/2010,W,979074,845329,1824403
06/12/2010,A,600914,444278,1045192
06/13/2010,U,451434,348910,800344
06/14/2010,W,955902,662467,1618369
06/15/2010,W,948177,686852,1635029
06/16/2010,W,1003968,723671,1727639
06/17/2010,W,954409,719629,1674038
06/18/2010,W,940534,693973,1634507
06/19/2010,A,673052,472662,1145714
06/20/2010,U,465420,301730,767150
06/21/2010,W,868542,626192,1494734
06/22/2010,W,916810,666558,1583368
06/23/2010,W,820493,627767,1448260
06/24/2010,W,931520,691266,1622786
06/25/2010,W,941751,750414,1692165
06/26/2010,A,646770,467943,1114713
06/27/2010,U,439815,441824,881639
06/28/2010,W,911187,698735,1609922
06/29/2010,W,919886,716597,1636483
06/30/2010,W,939032,726101,1665133
07/01/2010,W,997162,802022,1799184
07/02/2010,W,948286,728895,1677181
07/03/2010,A,688185,498374,1186559
07/04/2010,U,517771,431068,948839
07/05/2010,U,490386,338754,829140
07/06/2010,W,906377,637312,1543689
07/07/2010,W,911994,656096,1568090
07/08/2010,W,913888,665000,1578888
07/09/2010,W,930427,676348,1606775
07/10/2010,A,625843,418254,1044097
07/11/2010,U,441707,304804,746511
07/12/2010,W,916793,645066,1561859
07/13/2010,W,944367,664923,1609290
07/14/2010,W,938980,670046,1609026
07/15/2010,W,934492,715607,1650099
07/16/2010,W,928476,753901,1682377
07/17/2010,A,653987,518643,1172630
07/18/2010,U,453952,378151,832103
07/19/2010,W,927114,681084,1608198
07/20/2010,W,938739,692212,1630951
07/21/2010,W,951550,705647,1657197
07/22/2010,W,927185,670399,1597584
07/23/2010,W,879035,677196,1556231
07/24/2010,A,571189,416540,987729
07/25/2010,U,472911,351173,824084
07/26/2010,W,915404,658817,1574221
07/27/2010,W,935330,670382,1605712
07/28/2010,W,908070,667607,1575677
07/29/2010,W,933636,684987,1618623
07/30/2010,W,943778,683141,1626919
07/31/2010,A,657365,450680,1108045
08/01/2010,U,491220,348968,840188
08/02/2010,W,913649,660658,1574307
08/03/2010,W,927125,668186,1595311
08/04/2010,W,880047,663305,1543352
08/05/2010,W,949218,698256,1647474
08/06/2010,W,947220,791899,1739119
08/07/2010,A,668567,551140,1219707
08/08/2010,U,464239,415228,879467
08/09/2010,W,902342,647949,1550291
08/10/2010,W,909752,662126,1571878
08/11/2010,W,902498,661211,1563709
08/12/2010,W,908352,666665,1575017
08/13/2010,W,918501,665794,1584295
08/14/2010,A,688021,460503,1148524
08/15/2010,U,507105,359893,866998
08/16/2010,W,907011,648950,1555961
08/17/2010,W,909673,659235,1568908
08/18/2010,W,935381,676787,1612168
08/19/2010,W,940943,688195,1629138
08/20/2010,W,928525,688864,1617389
08/21/2010,A,662928,462355,1125283
08/22/2010,U,470110,336654,806764
08/23/2010,W,941694,650532,1592226
08/24/2010,W,962622,674401,1637023
08/25/2010,W,973800,689560,1663360
08/26/2010,W,978212,694660,1672872
08/27/2010,W,991691,700296,1691987
08/28/2010,A,678949,458504,1137453
08/29/2010,U,471725,334378,806103
08/30/2010,W,960273,673150,1633423
08/31/2010,W,980388,693348,1673736
09/01/2010,W,1014776,696657,1711433
09/02/2010,W,964759,679832,1644591
09/03/2010,W,996297,721206,1717503
09/04/2010,A,671418,475332,1146750
09/05/2010,U,497194,399389,896583
09/06/2010,U,453040,319536,772576
09/07/2010,W,1067665,723135,1790800
09/08/2010,W,1078904,744212,1823116
09/09/2010,W,1053439,729328,1782767
09/10/2010,W,1067844,740993,1808837
09/11/2010,A,620475,438303,1058778
09/12/2010,U,478785,343875,822660
09/13/2010,W,1064113,722939,1787052
09/14/2010,W,1073013,743702,1816715
09/15/2010,W,1077313,757144,1834457
09/16/2010,W,1030218,751525,1781743
09/17/2010,W,1070710,777601,1848311
09/18/2010,A,602888,457774,1060662
09/19/2010,U,463244,335858,799102
09/20/2010,W,1040338,712870,1753208
09/21/2010,W,1068204,750363,1818567
09/22/2010,W,1038052,751724,1789776
09/23/2010,W,1067715,767134,1834849
09/24/2010,W,966185,750033,1716218
09/25/2010,A,647044,486430,1133474
09/26/2010,U,439578,331103,770681
09/27/2010,W,1030264,725559,1755823
09/28/2010,W,1049114,732828,1781942
09/29/2010,W,1044807,734953,1779760
09/30/2010,W,1040445,748851,1789296
10/01/2010,W,1095244,742857,1838101
10/02/2010,A,620784,423372,1044156
10/03/2010,U,451850,307659,759509
10/04/2010,W,1049060,710406,1759466
10/05/2010,W,1062843,726247,1789090
10/06/2010,W,1057375,730113,1787488
10/07/2010,W,1048120,753345,1801465
10/08/2010,W,1060557,753053,1813610
10/09/2010,A,683056,503343,1186399
10/10/2010,U,453193,489078,942271
10/11/2010,W,824834,627449,1452283
10/12/2010,W,1068010,736048,1804058
10/13/2010,W,1024910,726372,1751282
10/14/2010,W,1060257,750943,1811200
10/15/2010,W,1067602,753653,1821255
10/16/2010,A,674323,477876,1152199
10/17/2010,U,470817,337407,808224
10/18/2010,W,1038903,717627,1756530
10/19/2010,W,1057820,729779,1787599
10/20/2010,W,1061125,733950,1795075
10/21/2010,W,1053153,747116,1800269
10/22/2010,W,987323,727707,1715030
10/23/2010,A,624770,451848,1076618
10/24/2010,U,443462,319622,763084
10/25/2010,W,1030602,710784,1741386
10/26/2010,W,948119,691241,1639360
10/27/2010,W,1051715,739161,1790876
10/28/2010,W,1023047,735281,1758328
10/29/2010,W,1027443,725760,1753203
10/30/2010,A,653147,447410,1100557
10/31/2010,U,451532,321535,773067
11/01/2010,W,1050239,702890,1753129
11/02/2010,W,1053066,711219,1764285
11/03/2010,W,1067432,725866,1793298
11/04/2010,W,1036639,731024,1767663
11/05/2010,W,1034503,723652,1758155
11/06/2010,A,641520,455652,1097172
11/07/2010,U,453831,305880,759711
11/08/2010,W,1046515,709569,1756084
11/09/2010,W,1058688,721276,1779964
11/10/2010,W,1065459,729087,1794546
11/11/2010,W,882944,660145,1543089
11/12/2010,W,951645,714781,1666426
11/13/2010,A,600900,436971,1037871
11/14/2010,U,483592,306831,790423
11/15/2010,W,1013081,704470,1717551
11/16/2010,W,1041704,720439,1762143
11/17/2010,W,1033004,717114,1750118
11/18/2010,W,984043,712787,1696830
11/19/2010,W,1038686,715507,1754193
11/20/2010,A,640618,545276,1185894
11/21/2010,U,437682,295297,732979
11/22/2010,W,957125,667375,1624500
11/23/2010,W,1006493,698730,1705223
11/24/2010,W,898974,621938,1520912
11/25/2010,U,312756,195258,508014
11/26/2010,W,557867,369071,926938
11/27/2010,A,517892,340136,858028
11/28/2010,U,401514,271093,672607
11/29/2010,W,974393,658026,1632419
11/30/2010,W,970873,672281,1643154
12/01/2010,W,999878,678039,1677917
12/02/2010,W,1008349,688764,1697113
12/03/2010,W,985527,691211,1676738
12/04/2010,A,586500,407739,994239
12/05/2010,U,406680,277309,683989
12/06/2010,W,944575,641755,1586330
12/07/2010,W,954467,652015,1606482
12/08/2010,W,968593,662398,1630991
12/09/2010,W,957337,667827,1625164
12/10/2010,W,986800,682824,1669624
12/11/2010,A,573203,388409,961612
12/12/2010,U,330377,249350,579727
12/13/2010,W,829736,598167,1427903
12/14/2010,W,888812,623467,1512279
12/15/2010,W,922552,640490,1563042
12/16/2010,W,919713,644539,1564252
12/17/2010,W,932601,642967,1575568
12/18/2010,A,570331,370965,941296
12/19/2010,U,404153,269162,673315
12/20/2010,W,791684,573110,1364794
12/21/2010,W,786351,574097,1360448
12/22/2010,W,786757,558711,1345468
12/23/2010,W,740052,489295,1229347
12/24/2010,W,513353,261461,774814
12/25/2010,U,233266,128261,361527
12/26/2010,U,346331,215163,561494
12/27/2010,W,673638,435925,1109563
12/28/2010,W,717933,490978,1208911
12/29/2010,W,731000,513271,1244271
12/30/2010,W,754297,524961,1279258
12/31/2010,W,609114,391713,1000827
01/01/2011,U,342872,239754,582626
01/02/2011,U,364165,225886,590051
01/03/2011,W,925770,581035,1506805
01/04/2011,W,946232,621057,1567289
01/05/2011,W,950712,624027,1574739
01/06/2011,W,939518,625246,1564764
01/07/2011,W,927173,622084,1549257
01/08/2011,A,540394,333951,874345
01/09/2011,U,380762,237361,618123
01/10/2011,W,966448,639852,1606300
01/11/2011,W,923590,654856,1578446
01/12/2011,W,960115,657426,1617541
01/13/2011,W,969691,661269,1630960
01/14/2011,W,983953,656551,1640504
01/15/2011,A,567710,355580,923290
01/16/2011,U,386280,260631,646911
01/17/2011,W,613773,422788,1036561
01/18/2011,W,991055,678327,1669382
01/19/2011,W,1006033,679355,1685388
01/20/2011,W,975376,674347,1649723
01/21/2011,W,853208,598356,1451564
01/22/2011,A,522699,330666,853365
01/23/2011,U,375396,253697,629093
01/24/2011,W,972155,654573,1626728
01/25/2011,W,1006376,680037,1686413
01/26/2011,W,1014944,681652,1696596
01/27/2011,W,994412,685346,1679758
01/28/2011,W,930518,655861,1586379
01/29/2011,A,617408,381200,998608
01/30/2011,U,406547,254689,661236
01/31/2011,W,1001892,670399,1672291
02/01/2011,W,814985,640223,1455208
02/02/2011,W,219234,209287,428521
02/03/2011,W,732420,580480,1312900
02/04/2011,W,933210,715546,1648756
02/05/2011,A,615765,400440,1016205
02/06/2011,U,402275,273038,675313
02/07/2011,W,996782,693321,1690103
02/08/2011,W,986388,697441,1683829
02/09/2011,W,941631,676705,1618336
02/10/2011,W,940692,676869,1617561
02/11/2011,W,965062,659696,1624758
02/12/2011,A,663253,415060,1078313
02/13/2011,U,474048,303381,777429
02/14/2011,W,1064293,708790,1773083
02/15/2011,W,1041367,702586,1743953
02/16/2011,W,1050045,709634,1759679
02/17/2011,W,1046143,719471,1765614
02/18/2011,W,1053474,710682,1764156
02/19/2011,A,675487,431010,1106497
02/20/2011,U,385554,261695,647249
02/21/2011,W,706507,504444,1210951
02/22/2011,W,1004067,692661,1696728
02/23/2011,W,1026312,701009,1727321
02/24/2011,W,1030542,708692,1739234
02/25/2011,W,1015416,691267,1706683
02/26/2011,A,601634,393242,994876
02/27/2011,U,419643,278593,698236
02/28/2011,W,1007930,681614,1689544
03/01/2011,W,1064543,709683,1774226
03/02/2011,W,1038790,702291,1741081
03/03/2011,W,1057767,709973,1767740
03/04/2011,W,1019568,681216,1700784
03/05/2011,A,581121,375814,956935
03/06/2011,U,428668,275314,703982
03/07/2011,W,889994,640899,1530893
03/08/2011,W,1054432,710380,1764812
03/09/2011,W,1014632,697366,1711998
03/10/2011,W,1019921,707389,1727310
03/11/2011,W,1047012,708603,1755615
03/12/2011,A,630826,500559,1131385
03/13/2011,U,429046,284406,713452
03/14/2011,W,1019671,686277,1705948
03/15/2011,W,1025714,699145,1724859
03/16/2011,W,1057440,725095,1782535
03/17/2011,W,1039329,730561,1769890
03/18/2011,W,1028193,706274,1734467
03/19/2011,A,661882,426128,1088010
03/20/2011,U,397653,263022,660675
03/21/2011,W,1009091,661503,1670594
03/22/2011,W,964687,653024,1617711
03/23/2011,W,1000324,667467,1667791
03/24/2011,W,984660,671765,1656425
03/25/2011,W,995334,661865,1657199
03/26/2011,A,603928,387317,991245
03/27/2011,U,421290,276610,697900
03/28/2011,W,1005055,674351,1679406
03/29/2011,W,1018975,688681,1707656
03/30/2011,W,1022399,692860,1715259
03/31/2011,W,958648,709483,1668131
04/01/2011,W,960123,712981,1673104
04/02/2011,A,688873,457067,1145940
04/03/2011,U,450017,305328,755345
04/04/2011,W,1021955,695709,1717664
04/05/2011,W,1063835,723943,1787778
04/06/2011,W,1032831,725191,1758022
04/07/2011,W,982880,719890,1702770
04/08/2011,W,1006956,701186,1708142
04/09/2011,A,675312,462038,1137350
04/10/2011,U,483207,359065,842272
04/11/2011,W,999639,696423,1696062
04/12/2011,W,1036334,717458,1753792
04/13/2011,W,1040300,721206,1761506
04/14/2011,W,1016435,720731,1737166
04/15/2011,W,966032,691935,1657967
04/16/2011,A,587114,398192,985306
04/17/2011,U,452131,306186,758317
04/18/2011,W,861574,655013,1516587
04/19/2011,W,862770,627085,1489855
04/20/2011,W,895201,684367,1579568
04/21/2011,W,919676,685284,1604960
04/22/2011,W,767236,583531,1350767
04/23/2011,A,644228,421767,1065995
04/24/2011,U,415484,274724,690208
04/25/2011,W,970581,685301,1655882
04/26/2011,W,1009393,717303,1726696
04/27/2011,W,960037,712176,1672213
04/28/2011,W,972352,710559,1682911
04/29/2011,W,1083692,738332,1822024
04/30/2011,A,677693,452569,1130262
05/01/2011,U,474621,320956,795577
05/02/2011,W,1040468,694159,1734627
05/03/2011,W,1063059,708526,1771585
05/04/2011,W,1068494,718706,1787200
05/05/2011,W,1045556,720006,1765562
05/06/2011,W,1054724,732966,1787690
05/07/2011,A,642855,443268,1086123
05/08/2011,U,474170,325850,800020
05/09/2011,W,996746,680206,1676952
05/10/2011,W,1050936,734088,1785024
05/11/2011,W,1022323,724069,1746392
05/12/2011,W,1026861,739195,1766056
05/13/2011,W,1005681,728981,1734662
05/14/2011,A,574990,412250,987240
05/15/2011,U,386219,279473,665692
05/16/2011,W,1002206,683002,1685208
05/17/2011,W,1012424,694950,1707374
05/18/2011,W,996766,688457,1685223
05/19/2011,W,1014161,705964,1720125
05/20/2011,W,1027404,710957,1738361
05/21/2011,A,625518,421143,1046661
05/22/2011,U,460481,321421,781902
05/23/2011,W,997460,682656,1680116
05/24/2011,W,1019381,719974,1739355
05/25/2011,W,932486,676081,1608567
05/26/2011,W,954623,693660,1648283
05/27/2011,W,1005068,695755,1700823
05/28/2011,A,586663,420778,1007441
05/29/2011,U,392008,306407,698415
05/30/2011,U,512702,387955,900657
05/31/2011,W,976956,683927,1660883
06/01/2011,W,1077060,728801,1805861
06/02/2011,W,1037191,707569,1744760
06/03/2011,W,1084952,753705,1838657
06/04/2011,A,660496,465907,1126403
06/05/2011,U,498740,355072,853812
06/06/2011,W,1026379,723353,1749732
06/07/2011,W,1023477,727689,1751166
06/08/2011,W,1027909,731488,1759397
06/09/2011,W,925826,677601,1603427
06/10/2011,W,991111,699233,1690344
06/11/2011,A,639456,452885,1092341
06/12/2011,U,492490,388957,881447
06/13/2011,W,1005818,726932,1732750
06/14/2011,W,1009778,739810,1749588
06/15/2011,W,927263,708511,1635774
06/16/2011,W,960885,741999,1702884
06/17/2011,W,1038570,787772,1826342
06/18/2011,A,668147,502500,1170647
06/19/2011,U,479157,352290,831447
06/20/2011,W,863375,666828,1530203
06/21/2011,W,928457,698702,1627159
06/22/2011,W,906400,695241,1601641
06/23/2011,W,918605,692002,1610607
06/24/2011,W,923487,714821,1638308
06/25/2011,A,672716,511370,1184086
06/26/2011,U,513140,561689,1074829
06/27/2011,W,915375,702396,1617771
06/28/2011,W,974240,768178,1742418
06/29/2011,W,966399,754551,1720950
06/30/2011,W,947943,753565,1701508
07/01/2011,W,940403,723107,1663510
07/02/2011,A,701711,514859,1216570
07/03/2011,U,546895,441925,988820
07/04/2011,U,502623,375468,878091
07/05/2011,W,944119,684091,1628210
07/06/2011,W,961177,711577,1672754
07/07/2011,W,960396,717952,1678348
07/08/2011,W,973648,738968,1712616
07/09/2011,A,688403,487196,1175599
07/10/2011,U,487215,355799,843014
07/11/2011,W,899672,654659,1554331
07/12/2011,W,953976,695840,1649816
07/13/2011,W,968000,712673,1680673
07/14/2011,W,963077,746693,1709770
07/15/2011,W,960761,767058,1727819
07/16/2011,A,671209,512671,1183880
07/17/2011,U,487492,390269,877761
07/18/2011,W,912074,708169,1620243
07/19/2011,W,938830,721231,1660061
07/20/2011,W,908375,711617,1619992
07/21/2011,W,901635,693073,1594708
07/22/2011,W,890894,700452,1591346
07/23/2011,A,641738,478455,1120193
07/24/2011,U,440442,346005,786447
07/25/2011,W,932136,698802,1630938
07/26/2011,W,958271,708596,1666867
07/27/2011,W,926794,697817,1624611
07/28/2011,W,916275,689617,1605892
07/29/2011,W,942044,711542,1653586
07/30/2011,A,677527,472828,1150355
07/31/2011,U,491214,372586,863800
08/01/2011,W,951492,707492,1658984
08/02/2011,W,921043,682755,1603798
08/03/2011,W,984399,715612,1700011
08/04/2011,W,953514,745527,1699041
08/05/2011,W,968013,822093,1790106
08/06/2011,A,682517,569511,1252028
08/07/2011,U,479588,426721,906309
08/08/2011,W,912362,692657,1605019
08/09/2011,W,958406,713624,1672030
08/10/2011,W,963575,720504,1684079
08/11/2011,W,957398,709254,1666652
08/12/2011,W,955597,709694,1665291
08/13/2011,A,627401,457851,1085252
08/14/2011,U,470358,358606,828964
08/15/2011,W,936932,668224,1605156
08/16/2011,W,945179,688071,1633250
08/17/2011,W,943997,692781,1636778
08/18/2011,W,951134,707426,1658560
08/19/2011,W,981727,751679,1733406
08/20/2011,A,622722,472815,1095537
08/21/2011,U,536280,420416,956696
08/22/2011,W,968715,704225,1672940
08/23/2011,W,914499,688649,1603148
08/24/2011,W,999361,728732,1728093
08/25/2011,W,1003797,744805,1748602
08/26/2011,W,997931,710247,1708178
08/27/2011,A,691082,463528,1154610
08/28/2011,U,488275,339049,827324
08/29/2011,W,988033,712733,1700766
08/30/2011,W,991793,719656,1711449
08/31/2011,W,1011858,728047,1739905
09/01/2011,W,1047270,739620,1786890
09/02/2011,W,1001837,741985,1743822
09/03/2011,A,655947,472827,1128774
09/04/2011,U,529593,432441,962034
09/05/2011,U,471000,356948,827948
09/06/2011,W,1116811,746632,1863443
09/07/2011,W,1079256,773670,1852926
09/08/2011,W,1058730,770455,1829185
09/09/2011,W,1049654,754824,1804478
09/10/2011,A,665138,486616,1151754
09/11/2011,U,483138,356915,840053
09/12/2011,W,1077578,756209,1833787
09/13/2011,W,1101495,775124,1876619
09/14/2011,W,1068594,768114,1836708
09/15/2011,W,1078395,780369,1858764
09/16/2011,W,1061833,774553,1836386
09/17/2011,A,684347,511704,1196051
09/18/2011,U,433064,328422,761486
09/19/2011,W,1056731,758422,1815153
09/20/2011,W,1094671,787667,1882338
09/21/2011,W,1090762,780222,1870984
09/22/2011,W,1076129,770485,1846614
09/23/2011,W,1013491,751348,1764839
09/24/2011,A,655360,466534,1121894
09/25/2011,U,448547,333394,781941
09/26/2011,W,1028362,733053,1761415
09/27/2011,W,1059305,751659,1810964
09/28/2011,W,1053206,759071,1812277
09/29/2011,W,1051634,753753,1805387
09/30/2011,W,1066348,757321,1823669
09/01/2017,W,827394,760661,1588055
10/01/2011,A,701783,480889,1182672
10/02/2011,U,486409,344520,830929
10/03/2011,W,1091676,751034,1842710
10/04/2011,W,1090878,767029,1857907
10/05/2011,W,1083300,774142,1857442
10/06/2011,W,1076741,783363,1860104
10/07/2011,W,1074577,783590,1858167
10/08/2011,A,692368,523113,1215481
10/09/2011,U,463310,519453,982763
10/10/2011,W,857528,669173,1526701
10/11/2011,W,1073195,770542,1843737
10/12/2011,W,1068602,776561,1845163
10/13/2011,W,1011085,773498,1784583
10/14/2011,W,1058024,783903,1841927
10/15/2011,A,686909,508391,1195300
10/16/2011,U,457725,351070,808795
10/17/2011,W,1060560,752887,1813447
10/18/2011,W,1054603,759917,1814520
10/19/2011,W,987878,738984,1726862
10/20/2011,W,1019401,763556,1782957
10/21/2011,W,1072848,782981,1855829
10/22/2011,A,678136,497703,1175839
10/23/2011,U,476507,341626,818133
10/24/2011,W,1054251,747402,1801653
10/25/2011,W,1066867,757975,1824842
10/26/2011,W,1055199,756804,1812003
10/27/2011,W,1061301,771358,1832659
10/28/2011,W,993735,758294,1752029
10/29/2011,A,665331,469295,1134626
10/30/2011,U,433281,318565,751846
10/31/2011,W,1027078,734500,1761578
10/01/2011,A,701783,480889,1182672
10/02/2011,U,486409,344520,830929
10/03/2011,W,1091676,751034,1842710
10/04/2011,W,1090878,767029,1857907
10/05/2011,W,1083300,774142,1857442
10/06/2011,W,1076741,783363,1860104
10/07/2011,W,1074577,783590,1858167
10/08/2011,A,692368,523113,1215481
10/09/2011,U,463310,519453,982763
10/10/2011,W,857528,669173,1526701
10/11/2011,W,1073195,770542,1843737
10/12/2011,W,1068602,776561,1845163
10/13/2011,W,1011085,773498,1784583
10/14/2011,W,1058024,783903,1841927
10/15/2011,A,686909,508391,1195300
10/16/2011,U,457725,351070,808795
10/17/2011,W,1060560,752887,1813447
10/18/2011,W,1054603,759917,1814520
10/19/2011,W,987878,738984,1726862
10/20/2011,W,1019401,763556,1782957
10/21/2011,W,1072848,782981,1855829
10/22/2011,A,678136,497703,1175839
10/23/2011,U,476507,341626,818133
10/24/2011,W,1054251,747402,1801653
10/25/2011,W,1066867,757975,1824842
10/26/2011,W,1055199,756804,1812003
10/27/2011,W,1061301,771358,1832659
10/28/2011,W,993735,758294,1752029
10/29/2011,A,665331,469295,1134626
10/30/2011,U,433281,318565,751846
10/31/2011,W,1027078,734500,1761578
11/01/2011,W,1098741,762893,1861634
11/02/2011,W,1077675,764539,1842214
11/03/2011,W,1011408,755888,1767296
11/04/2011,W,1093806,785515,1879321
11/05/2011,A,686104,513654,1199758
11/06/2011,U,477456,331327,808783
11/07/2011,W,1061041,749043,1810084
11/08/2011,W,1008764,742973,1751737
11/09/2011,W,1036190,759696,1795886
11/10/2011,W,970822,755282,1726104
11/11/2011,W,879535,681237,1560772
11/12/2011,A,660488,474088,1134576
11/13/2011,U,463513,338816,802329
11/14/2011,W,1047638,741813,1789451
11/15/2011,W,1079072,770828,1849900
11/16/2011,W,1043071,758159,1801230
11/17/2011,W,998699,752834,1751533
11/18/2011,W,965671,743405,1709076
11/19/2011,A,657115,530802,1187917
11/20/2011,U,456466,328721,785187
11/21/2011,W,1039312,726360,1765672
11/22/2011,W,986650,714844,1701494
11/23/2011,W,992006,680837,1672843
11/24/2011,U,340929,235194,576123
11/25/2011,W,652271,435428,1087699
11/26/2011,A,588157,348525,936682
11/27/2011,U,397179,274323,671502
11/28/2011,W,1016597,703558,1720155
11/29/2011,W,991030,708638,1699668
11/30/2011,W,1043354,730140,1773494
12/01/2011,W,1089263,747269,1836532
12/02/2011,W,1095431,757734,1853165
12/03/2011,A,662075,461349,1123424
12/04/2011,U,454576,327051,781627
12/05/2011,W,1051712,698735,1750447
12/06/2011,W,1035064,712288,1747352
12/07/2011,W,1032787,718567,1751354
12/08/2011,W,1023297,721739,1745036
12/09/2011,W,1006182,726618,1732800
12/10/2011,A,604502,435343,1039845
12/11/2011,U,442689,306703,749392
12/12/2011,W,988026,673314,1661340
12/13/2011,W,1002723,691649,1694372
12/14/2011,W,939524,675577,1615101
12/15/2011,W,994244,701181,1695425
12/16/2011,W,1006755,703365,1710120
12/17/2011,A,615724,436091,1051815
12/18/2011,U,455044,325822,780866
12/19/2011,W,965235,657231,1622466
12/20/2011,W,951363,656796,1608159
12/21/2011,W,948139,649395,1597534
12/22/2011,W,901280,615248,1516528
12/23/2011,W,855427,539186,1394613
12/24/2011,A,509237,262788,772025
12/25/2011,U,273257,144879,418136
12/26/2011,U,463630,297972,761602
12/27/2011,W,721508,498735,1220243
12/28/2011,W,747970,535232,1283202
12/29/2011,W,767769,553630,1321399
12/30/2011,W,762618,528085,1290703
12/31/2011,A,583259,408205,991464
01/01/2012,U,338458,277156,615614
01/02/2012,U,427028,300131,727159
01/03/2012,W,810076,600940,1411016
01/04/2012,W,839010,626372,1465382
01/05/2012,W,841665,652474,1494139
01/06/2012,W,870446,666379,1536825
01/07/2012,A,583725,390564,974289
01/08/2012,U,411272,275439,686711
01/09/2012,W,968136,683105,1651241
01/10/2012,W,1019667,698468,1718135
01/11/2012,W,1036505,709539,1746044
01/12/2012,W,950402,715474,1665876
01/13/2012,W,940512,692943,1633455
01/14/2012,A,557653,377455,935108
01/15/2012,U,402980,276691,679671
01/16/2012,W,639506,459803,1099309
01/17/2012,W,1016429,725950,1742379
01/18/2012,W,1017072,722473,1739545
01/19/2012,W,983178,711259,1694437
01/20/2012,W,826497,746064,1572561
01/21/2012,A,552163,394407,946570
01/22/2012,U,392633,273772,666405
01/23/2012,W,1010116,710762,1720878
01/24/2012,W,1050018,732063,1782081
01/25/2012,W,1051823,734192,1786015
01/26/2012,W,1052929,739012,1791941
01/27/2012,W,968530,720988,1689518
01/28/2012,A,621329,419586,1040915
01/29/2012,U,416383,293146,709529
01/30/2012,W,1023037,704317,1727354
01/31/2012,W,1059681,731360,1791041
02/01/2012,W,1111421,736252,1847673
02/02/2012,W,1081236,739698,1820934
02/03/2012,W,1014951,714336,1729287
02/04/2012,A,661534,418503,1080037
02/05/2012,U,462359,289438,751797
02/06/2012,W,1038157,699926,1738083
02/07/2012,W,1040979,721937,1762916
02/08/2012,W,1069324,738273,1807597
02/09/2012,W,1065885,741959,1807844
02/10/2012,W,982329,715473,1697802
02/11/2012,A,591333,399462,990795
02/12/2012,U,429977,285739,715716
02/13/2012,W,882797,653118,1535915
02/14/2012,W,1077348,738384,1815732
02/15/2012,W,1051929,726359,1778288
02/16/2012,W,1058911,736170,1795081
02/17/2012,W,1058544,731415,1789959
02/18/2012,A,666760,454131,1120891
02/19/2012,U,475445,322414,797859
02/20/2012,W,761004,543889,1304893
02/21/2012,W,1036038,726162,1762200
02/22/2012,W,1052160,732150,1784310
02/23/2012,W,1033787,734839,1768626
02/24/2012,W,989267,712507,1701774
02/25/2012,A,630649,417134,1047783
02/26/2012,U,448512,298409,746921
02/27/2012,W,1023956,703435,1727391
02/28/2012,W,1039341,720589,1759930
02/29/2012,W,1055847,736007,1791854
03/01/2012,W,1075076,739664,1814740
03/02/2012,W,1031215,705878,1737093
03/03/2012,A,624519,416704,1041223
03/04/2012,U,441120,292334,733454
03/05/2012,W,913762,651903,1565665
03/06/2012,W,1084176,744478,1828654
03/07/2012,W,1060619,736849,1797468
03/08/2012,W,1049305,735123,1784428
03/09/2012,W,1037776,718371,1756147
03/10/2012,A,681263,444574,1125837
03/11/2012,U,482075,316828,798903
03/12/2012,W,1015965,715585,1731550
03/13/2012,W,1071861,744918,1816779
03/14/2012,W,1087551,762671,1850222
03/15/2012,W,1061219,763525,1824744
03/16/2012,W,1044828,774035,1818863
03/17/2012,A,755574,708351,1463925
03/18/2012,U,504213,359041,863254
03/19/2012,W,1015401,707467,1722868
03/20/2012,W,1043797,718050,1761847
03/21/2012,W,1050000,723631,1773631
03/22/2012,W,1016361,717170,1733531
03/23/2012,W,945472,685518,1630990
03/24/2012,A,641412,430070,1071482
03/25/2012,U,470355,355696,826051
03/26/2012,W,996549,700972,1697521
03/27/2012,W,1024173,723040,1747213
03/28/2012,W,1029545,735639,1765184
03/29/2012,W,1013994,734424,1748418
03/30/2012,W,1001257,709407,1710664
03/31/2012,A,646169,440893,1087062
04/01/2012,U,477703,321629,799332
04/02/2012,W,935073,696533,1631606
04/03/2012,W,972756,720709,1693465
04/04/2012,W,954947,724726,1679673
04/05/2012,W,933666,750000,1683666
04/06/2012,W,861696,642047,1503743
04/07/2012,A,637466,434835,1072301
04/08/2012,U,429398,289618,719016
04/09/2012,W,1010279,727154,1737433
04/10/2012,W,1038779,751834,1790613
04/11/2012,W,1053786,760911,1814697
04/12/2012,W,1050150,775089,1825239
04/13/2012,W,958166,741802,1699968
04/14/2012,A,644498,470545,1115043
04/15/2012,U,443006,320025,763031
04/16/2012,W,996333,713598,1709931
04/17/2012,W,1056910,744763,1801673
04/18/2012,W,1031225,736936,1768161
04/19/2012,W,989282,743350,1732632
04/20/2012,W,994547,737187,1731734
04/21/2012,A,656064,471715,1127779
04/22/2012,U,448386,333024,781410
04/23/2012,W,1031544,739667,1771211
04/24/2012,W,1003275,750511,1753786
04/25/2012,W,978891,740777,1719668
04/26/2012,W,1044469,760338,1804807
04/27/2012,W,1026691,745495,1772186
04/28/2012,A,592513,425418,1017931
04/29/2012,U,445246,322436,767682
04/30/2012,W,977200,703630,1680830
05/01/2012,W,1073425,743154,1816579
05/02/2012,W,1060720,754536,1815256
05/03/2012,W,1086032,766616,1852648
05/04/2012,W,1054307,778105,1832412
05/05/2012,A,666613,497814,1164427
05/06/2012,U,434634,343213,777847
05/07/2012,W,1000335,731509,1731844
05/08/2012,W,1062602,762274,1824876
05/09/2012,W,1041744,752170,1793914
05/10/2012,W,1036368,743841,1780209
05/11/2012,W,1042715,745296,1788011
05/12/2012,A,610945,427440,1038385
05/13/2012,U,455430,321345,776775
05/14/2012,W,983231,700274,1683505
05/15/2012,W,1023348,720962,1744310
05/16/2012,W,1013654,734234,1747888
05/17/2012,W,1014361,746681,1761042
05/18/2012,W,980261,694037,1674298
05/19/2012,A,646682,465776,1112458
05/20/2012,U,445099,374706,819805
05/21/2012,W,884516,568256,1452772
05/22/2012,W,1014156,721698,1735854
05/23/2012,W,1019498,738794,1758292
05/24/2012,W,1016089,756023,1772112
05/25/2012,W,1005567,736144,1741711
05/26/2012,A,636093,469284,1105377
05/27/2012,U,502724,392936,895660
05/28/2012,U,463763,362808,826571
05/29/2012,W,1012629,719096,1731725
05/30/2012,W,1001845,742834,1744679
05/31/2012,W,910804,714511,1625315
06/01/2012,W,1034827,750848,1785675
06/02/2012,A,698536,489792,1188328
06/03/2012,U,512841,354121,866962
06/04/2012,W,1035294,726053,1761347
06/05/2012,W,1048003,749888,1797891
06/06/2012,W,1033815,753512,1787327
06/07/2012,W,1031503,768929,1800432
06/08/2012,W,1023786,802823,1826609
06/09/2012,A,704117,569867,1273984
06/10/2012,U,509071,404744,913815
06/11/2012,W,985578,726731,1712309
06/12/2012,W,1003612,772974,1776586
06/13/2012,W,986995,778465,1765460
06/14/2012,W,959511,783352,1742863
06/15/2012,W,996431,803508,1799939
06/16/2012,A,673257,513638,1186895
06/17/2012,U,497166,372514,869680
06/18/2012,W,899886,710839,1610725
06/19/2012,W,934909,725980,1660889
06/20/2012,W,945821,743331,1689152
06/21/2012,W,931983,728067,1660050
06/22/2012,W,958498,755020,1713518
06/23/2012,A,676430,492238,1168668
06/24/2012,U,513132,530481,1043613
06/25/2012,W,933417,725550,1658967
06/26/2012,W,952845,746532,1699377
06/27/2012,W,957566,751428,1708994
06/28/2012,W,880771,702116,1582887
06/29/2012,W,925177,734451,1659628
06/30/2012,A,683644,485188,1168832
07/01/2012,U,474631,350123,824754
07/02/2012,W,929572,676617,1606189
07/03/2012,W,976022,710361,1686383
07/04/2012,U,511376,383942,895318
07/05/2012,W,833954,628259,1462213
07/06/2012,W,852806,651815,1504621
07/07/2012,A,628380,439918,1068298
07/08/2012,U,490561,341530,832091
07/09/2012,W,934404,697423,1631827
07/10/2012,W,958191,713798,1671989
07/11/2012,W,982452,751429,1733881
07/12/2012,W,973681,769452,1743133
07/13/2012,W,918812,781300,1700112
07/14/2012,A,662503,539189,1201692
07/15/2012,U,520254,434508,954762
07/16/2012,W,927149,703975,1631124
07/17/2012,W,916666,721980,1638646
07/18/2012,W,947611,737720,1685331
07/19/2012,W,929760,737674,1667434
07/20/2012,W,950944,732949,1683893
07/21/2012,A,682249,467138,1149387
07/22/2012,U,481281,353089,834370
07/23/2012,W,915219,695786,1611005
07/24/2012,W,902916,701367,1604283
07/25/2012,W,930185,724487,1654672
07/26/2012,W,945792,720070,1665862
07/27/2012,W,947151,758858,1706009
07/28/2012,A,686178,517111,1203289
07/29/2012,U,488506,374441,862947
07/30/2012,W,907631,705435,1613066
07/31/2012,W,927014,719885,1646899
08/01/2012,W,993124,746620,1739744
08/02/2012,W,956268,736721,1692989
08/03/2012,W,997248,828673,1825921
08/04/2012,A,639837,540564,1180401
08/05/2012,U,520813,454682,975495
08/06/2012,W,930469,718004,1648473
08/07/2012,W,939745,710734,1650479
08/08/2012,W,937937,714729,1652666
08/09/2012,W,910038,733293,1643331
08/10/2012,W,939807,762585,1702392
08/11/2012,A,634529,525198,1159727
08/12/2012,U,485254,389752,875006
08/13/2012,W,862334,675894,1538228
08/14/2012,W,952867,719794,1672661
08/15/2012,W,969450,736768,1706218
08/16/2012,W,894461,689521,1583982
08/17/2012,W,985722,734329,1720051
08/18/2012,A,711680,513680,1225360
08/19/2012,U,526215,381863,908078
08/20/2012,W,932342,694224,1626566
08/21/2012,W,989240,725406,1714646
08/22/2012,W,993443,741288,1734731
08/23/2012,W,996707,730663,1727370
08/24/2012,W,995467,757933,1753400
08/25/2012,A,682483,499512,1181995
08/26/2012,U,425118,326682,751800
08/27/2012,W,999090,732088,1731178
08/28/2012,W,1022555,752842,1775397
08/29/2012,W,1019369,757338,1776707
08/30/2012,W,1009624,765912,1775536
08/31/2012,W,1051323,787713,1839036
09/01/2012,A,670752,498563,1169315
09/02/2012,U,522696,425857,948553
09/03/2012,U,509576,366891,876467
09/04/2012,W,1101066,757151,1858217
09/05/2012,W,1081742,778985,1860727
09/06/2012,W,1106785,787102,1893887
09/07/2012,W,1057006,798630,1855636
09/08/2012,A,697211,548107,1245318
09/09/2012,U,491612,370846,862458
09/10/2012,W,980800,786943,1767743
09/11/2012,W,1026114,789589,1815703
09/12/2012,W,1024605,785316,1809921
09/13/2012,W,991316,793145,1784461
09/14/2012,W,1023073,789009,1812082
09/15/2012,A,707625,533074,1240699
09/16/2012,U,497209,369738,866947
09/17/2012,W,972361,749237,1721598
09/18/2012,W,1009476,774593,1784069
09/19/2012,W,1090006,805444,1895450
09/20/2012,W,1087075,814328,1901403
09/21/2012,W,1043281,804809,1848090
09/22/2012,A,669729,507218,1176947
09/23/2012,U,494049,373413,867462
09/24/2012,W,1067116,777711,1844827
09/25/2012,W,1093445,787595,1881040
09/26/2012,W,1088775,786511,1875286
09/27/2012,W,1082616,810524,1893140
09/28/2012,W,1080818,803271,1884089
09/29/2012,A,715790,512833,1228623
09/30/2012,U,495883,357104,852987
10/01/2012,W,1117666,783378,1901044
10/02/2012,W,1108031,806945,1914976
10/03/2012,W,1115762,810692,1926454
10/04/2012,W,1099004,810084,1909088
10/05/2012,W,1069580,808343,1877923
10/06/2012,A,670397,522379,1192776
10/07/2012,U,449748,512959,962707
10/08/2012,W,977879,713083,1690962
10/09/2012,W,1088484,795608,1884092
10/10/2012,W,1079860,798154,1878014
10/11/2012,W,1085498,807251,1892749
10/12/2012,W,1067152,796441,1863593
10/13/2012,A,604421,447031,1051452
10/14/2012,U,443009,327889,770898
10/15/2012,W,1071312,776921,1848233
10/16/2012,W,1081929,792993,1874922
10/17/2012,W,1057430,792225,1849655
10/18/2012,W,1059957,806783,1866740
10/19/2012,W,1051902,801852,1853754
10/20/2012,A,696516,512403,1208919
10/21/2012,U,493474,354896,848370
10/22/2012,W,1003315,769024,1772339
10/23/2012,W,1043067,784378,1827445
10/24/2012,W,1081481,804851,1886332
10/25/2012,W,1027919,797938,1825857
10/26/2012,W,1039677,796666,1836343
10/27/2012,A,664877,490779,1155656
10/28/2012,U,454048,341936,795984
10/29/2012,W,1035050,759113,1794163
10/30/2012,W,1012512,765043,1777555
10/31/2012,W,1042048,780984,1823032
11/01/2012,W,1092827,795031,1887858
11/02/2012,W,1087124,793396,1880520
11/03/2012,A,675546,462962,1138508
11/04/2012,U,486060,347411,833471
11/05/2012,W,1069691,766701,1836392
11/06/2012,W,1050908,768986,1819894
11/07/2012,W,1053498,782333,1835831
11/08/2012,W,1064006,793455,1857461
11/09/2012,W,1065181,798839,1864020
11/10/2012,A,650416,472274,1122690
11/11/2012,U,479696,353062,832758
11/12/2012,W,823600,666802,1490402
11/13/2012,W,1004272,761630,1765902
11/14/2012,W,1059509,775491,1835000
11/15/2012,W,1058314,786677,1844991
11/16/2012,W,1057000,791412,1848412
11/17/2012,A,675393,567804,1243197
11/18/2012,U,472178,336771,808949
11/19/2012,W,1047309,759037,1806346
11/20/2012,W,1049100,772991,1822091
11/21/2012,W,990069,705800,1695869
11/22/2012,U,363466,255982,619448
11/23/2012,W,589493,413384,1002877
11/24/2012,A,476658,377956,854614
11/25/2012,U,417727,304336,722063
11/26/2012,W,1006387,717499,1723886
11/27/2012,W,1016872,734908,1751780
11/28/2012,W,1030518,750417,1780935
11/29/2012,W,1028698,752188,1780886
11/30/2012,W,1075641,776494,1852135
12/01/2012,A,686669,492263,1178932
12/02/2012,U,484623,350433,835056
12/03/2012,W,1069024,742337,1811361
12/04/2012,W,1067467,747543,1815010
12/05/2012,W,1054367,754701,1809068
12/06/2012,W,1030407,751285,1781692
12/07/2012,W,1038662,764843,1803505
12/08/2012,A,642192,467324,1109516
12/09/2012,U,418807,295147,713954
12/10/2012,W,973051,690186,1663237
12/11/2012,W,995089,711140,1706229
12/12/2012,W,999666,720758,1720424
12/13/2012,W,999296,727540,1726836
12/14/2012,W,1022704,749478,1772182
12/15/2012,A,597413,425168,1022581
12/16/2012,U,450355,334285,784640
12/17/2012,W,953565,683683,1637248
12/18/2012,W,950660,693703,1644363
12/19/2012,W,965895,691879,1657774
12/20/2012,W,876460,660268,1536728
12/21/2012,W,871165,634264,1505429
12/22/2012,A,578361,374774,953135
12/23/2012,U,486169,281962,768131
12/24/2012,W,545733,313210,858943
12/25/2012,U,242609,143166,385775
12/26/2012,W,616049,428605,1044654
12/27/2012,W,710150,514627,1224777
12/28/2012,W,753950,546312,1300262
12/29/2012,A,547238,360962,908200
12/30/2012,U,405207,291423,696630
12/31/2012,W,672602,490998,1163600
01/01/2013,U,338644,276167,614811
01/02/2013,W,747631,570506,1318137
01/03/2013,W,857744,620104,1477848
01/04/2013,W,875485,635401,1510886
01/05/2013,A,549303,356383,905686
01/06/2013,U,399770,264957,664727
01/07/2013,W,951511,672001,1623512
01/08/2013,W,975824,687261,1663085
01/09/2013,W,989291,697979,1687270
01/10/2013,W,964506,693642,1658148
01/11/2013,W,991875,708901,1700776
01/12/2013,A,597811,403037,1000848
01/13/2013,U,379108,266395,645503
01/14/2013,W,964972,701958,1666930
01/15/2013,W,1000831,723460,1724291
01/16/2013,W,1000782,726032,1726814
01/17/2013,W,1003351,730830,1734181
01/18/2013,W,995226,721526,1716752
01/19/2013,A,592561,417820,1010381
01/20/2013,U,372131,275860,647991
01/21/2013,W,549385,422125,971510
01/22/2013,W,865232,654679,1519911
01/23/2013,W,952105,697385,1649490
01/24/2013,W,958057,708729,1666786
01/25/2013,W,920833,707962,1628795
01/26/2013,A,560544,393542,954086
01/27/2013,U,360109,261812,621921
01/28/2013,W,1000004,718545,1718549
01/29/2013,W,1009440,728633,1738073
01/30/2013,W,997461,735084,1732545
01/31/2013,W,955113,713918,1669031
02/01/2013,W,878531,659888,1538419
02/02/2013,A,554095,378484,932579
02/03/2013,U,396422,271153,667575
02/04/2013,W,983474,710890,1694364
02/05/2013,W,1021386,733180,1754566
02/06/2013,W,1035100,739979,1775079
02/07/2013,W,973458,743264,1716722
02/08/2013,W,994675,723430,1718105
02/09/2013,A,611263,426081,1037344
02/10/2013,U,392914,278417,671331
02/11/2013,W,994224,708331,1702555
02/12/2013,W,901097,687334,1588431
02/13/2013,W,1070447,754178,1824625
02/14/2013,W,1054969,758213,1813182
02/15/2013,W,1013485,731689,1745174
02/16/2013,A,598259,412929,1011188
02/17/2013,U,445505,317885,763390
02/18/2013,W,830133,567064,1397197
02/19/2013,W,961489,709244,1670733
02/20/2013,W,995286,720364,1715650
02/21/2013,W,1012672,738526,1751198
02/22/2013,W,944394,716784,1661178
02/23/2013,A,597852,403004,1000856
02/24/2013,U,426783,280619,707402
02/25/2013,W,1032337,718035,1750372
02/26/2013,W,917610,707649,1625259
02/27/2013,W,1004620,732706,1737326
02/28/2013,W,1011461,741077,1752538
03/01/2013,W,1030897,726385,1757282
03/02/2013,A,641791,407706,1049497
03/03/2013,U,451612,290260,741872
03/04/2013,W,1046582,684343,1730925
03/05/2013,W,915814,662182,1577996
03/06/2013,W,1000963,703897,1704860
03/07/2013,W,1039889,724517,1764406
03/08/2013,W,1047924,716118,1764042
03/09/2013,A,619396,404506,1023902
03/10/2013,U,417260,285624,702884
03/11/2013,W,1009909,713865,1723774
03/12/2013,W,1017656,738907,1756563
03/13/2013,W,1034585,748618,1783203
03/14/2013,W,1033042,755471,1788513
03/15/2013,W,1002907,771603,1774510
03/16/2013,A,626782,610526,1237308
03/17/2013,U,433504,338473,771977
03/18/2013,W,971804,715696,1687500
03/19/2013,W,990010,723671,1713681
03/20/2013,W,980735,721345,1702080
03/21/2013,W,999714,729901,1729615
03/22/2013,W,1003565,721149,1724714
03/23/2013,A,609394,425222,1034616
03/24/2013,U,401250,288966,690216
03/25/2013,W,828707,630136,1458843
03/26/2013,W,876069,655138,1531207
03/27/2013,W,880496,670282,1550778
03/28/2013,W,893443,679530,1572973
03/29/2013,W,829810,621657,1451467
03/30/2013,A,594213,395747,989960
03/31/2013,U,402842,267293,670135
04/01/2013,W,980489,708026,1688515
04/02/2013,W,993149,728501,1721650
04/03/2013,W,1034924,746014,1780938
04/04/2013,W,1015284,759059,1774343
04/05/2013,W,996072,746786,1742858
04/06/2013,A,611381,459388,1070769
04/07/2013,U,440588,357215,797803
04/08/2013,W,977325,737437,1714762
04/09/2013,W,999444,740720,1740164
04/10/2013,W,960903,717466,1678369
04/11/2013,W,982894,752525,1735419
04/12/2013,W,994973,753498,1748471
04/13/2013,A,600393,462508,1062901
04/14/2013,U,450337,351742,802079
04/15/2013,W,992589,717933,1710522
04/16/2013,W,1014884,753356,1768240
04/17/2013,W,915006,711500,1626506
04/18/2013,W,811655,693760,1505415
04/19/2013,W,959757,718526,1678283
04/20/2013,A,615433,448035,1063468
04/21/2013,U,441267,313744,755011
04/22/2013,W,1001200,731504,1732704
04/23/2013,W,922329,715764,1638093
04/24/2013,W,952859,736305,1689164
04/25/2013,W,1008224,755375,1763599
04/26/2013,W,999388,750687,1750075
04/27/2013,A,654086,460650,1114736
04/28/2013,U,455561,320737,776298
04/29/2013,W,1009306,717625,1726931
04/30/2013,W,1029285,738733,1768018
05/01/2013,W,1077184,762553,1839737
05/02/2013,W,1028782,752135,1780917
05/03/2013,W,1023402,730511,1753913
05/04/2013,A,655097,465245,1120342
05/05/2013,U,471437,350222,821659
05/06/2013,W,1017895,729615,1747510
05/07/2013,W,1022360,758068,1780428
05/08/2013,W,1025713,769649,1795362
05/09/2013,W,1003192,721753,1724945
05/10/2013,W,972916,725511,1698427
05/11/2013,A,603110,435938,1039048
05/12/2013,U,414976,313848,728824
05/13/2013,W,961814,713048,1674862
05/14/2013,W,1006636,750210,1756846
05/15/2013,W,995042,758657,1753699
05/16/2013,W,982565,746034,1728599
05/17/2013,W,966483,757439,1723922
05/18/2013,A,625752,493226,1118978
05/19/2013,U,485211,363850,849061
05/20/2013,W,1008704,681176,1689880
05/21/2013,W,1013059,689412,1702471
05/22/2013,W,982149,687729,1669878
05/23/2013,W,987008,693752,1680760
05/24/2013,W,1010765,676692,1687457
05/25/2013,A,600972,369584,970556
05/26/2013,U,460009,336563,796572
05/27/2013,U,415696,286211,701907
05/28/2013,W,982424,672485,1654909
05/29/2013,W,1014424,715430,1729854
05/30/2013,W,996198,717726,1713924
05/31/2013,W,1044620,719350,1763970
06/01/2013,A,631022,445218,1076240
06/02/2013,U,439719,333835,773554
06/03/2013,W,1054416,707210,1761626
06/04/2013,W,1044555,716102,1760657
06/05/2013,W,1024709,716938,1741647
06/06/2013,W,1021552,736943,1758495
06/07/2013,W,1030362,768035,1798397
06/08/2013,A,661759,537485,1199244
06/09/2013,U,473625,393881,867506
06/10/2013,W,993550,731202,1724752
06/11/2013,W,1027027,752653,1779680
06/12/2013,W,969474,718831,1688305
06/13/2013,W,1031992,761985,1793977
06/14/2013,W,1033513,747980,1781493
06/15/2013,A,624345,453140,1077485
06/16/2013,U,479896,369569,849465
06/17/2013,W,969085,692856,1661941
06/18/2013,W,975403,701224,1676627
06/19/2013,W,990561,718139,1708700
06/20/2013,W,974707,724184,1698891
06/21/2013,W,917934,724999,1642933
06/22/2013,A,633702,488805,1122507
06/23/2013,U,479321,394460,873781
06/24/2013,W,920436,699721,1620157
06/25/2013,W,888128,694726,1582854
06/26/2013,W,866326,690875,1557201
06/27/2013,W,913619,723050,1636669
06/28/2013,W,898642,894811,1793453
06/29/2013,A,620304,463716,1084020
06/30/2013,U,488073,543707,1031780
07/01/2013,W,946062,681252,1627314
07/02/2013,W,911309,677994,1589303
07/03/2013,W,945848,693445,1639293
07/04/2013,U,525424,407174,932598
07/05/2013,W,806355,592583,1398938
07/06/2013,A,619632,463509,1083141
07/07/2013,U,467091,354565,821656
07/08/2013,W,863581,664506,1528087
07/09/2013,W,928137,708853,1636990
07/10/2013,W,961940,756010,1717950
07/11/2013,W,958922,787568,1746490
07/12/2013,W,928925,802562,1731487
07/13/2013,A,662483,565833,1228316
07/14/2013,U,487170,413355,900525
07/15/2013,W,904464,683553,1588017
07/16/2013,W,924281,695896,1620177
07/17/2013,W,922657,706991,1629648
07/18/2013,W,904388,720245,1624633
07/19/2013,W,897959,775821,1673780
07/20/2013,A,646339,546852,1193191
07/21/2013,U,469900,410606,880506
07/22/2013,W,903084,709718,1612802
07/23/2013,W,919858,720357,1640215
07/24/2013,W,928256,713067,1641323
07/25/2013,W,919260,715876,1635136
07/26/2013,W,890066,688728,1578794
07/27/2013,A,614357,461775,1076132
07/28/2013,U,455742,371125,826867
07/29/2013,W,894999,693570,1588569
07/30/2013,W,894122,713697,1607819
07/31/2013,W,898783,707557,1606340
08/01/2013,W,950707,753887,1704594
08/02/2013,W,918087,795020,1713107
08/03/2013,A,667710,574621,1242331
08/04/2013,U,475029,462380,937409
08/05/2013,W,885007,688747,1573754
08/06/2013,W,914261,698763,1613024
08/07/2013,W,898114,694946,1593060
08/08/2013,W,912994,702001,1614995
08/09/2013,W,906417,711160,1617577
08/10/2013,A,642566,493210,1135776
08/11/2013,U,459030,365118,824148
08/12/2013,W,848703,684985,1533688
08/13/2013,W,883243,712564,1595807
08/14/2013,W,882740,717664,1600404
08/15/2013,W,877526,705604,1583130
08/16/2013,W,890423,730276,1620699
08/17/2013,A,634078,506124,1140202
08/18/2013,U,472515,384202,856717
08/19/2013,W,859701,671949,1531650
08/20/2013,W,894283,699558,1593841
08/21/2013,W,894827,704103,1598930
08/22/2013,W,855068,697777,1552845
08/23/2013,W,932928,715975,1648903
08/24/2013,A,632311,465546,1097857
08/25/2013,U,463843,353352,817195
08/26/2013,W,1020173,696403,1716576
08/27/2013,W,1032675,721814,1754489
08/28/2013,W,1019457,732138,1751595
08/29/2013,W,1048608,759088,1807696
08/30/2013,W,1025684,740853,1766537
08/31/2013,A,596363,462487,1058850
09/01/2013,U,493648,423770,917418
09/02/2013,U,454573,344582,799155
09/03/2013,W,1089544,761455,1850999
09/04/2013,W,1077803,769975,1847778
09/05/2013,W,1059826,763277,1823103
09/06/2013,W,1067536,786864,1854400
09/07/2013,A,634809,510149,1144958
09/08/2013,U,459104,371781,830885
09/09/2013,W,1052783,752305,1805088
09/10/2013,W,1034136,762582,1796718
09/11/2013,W,1047538,783710,1831248
09/12/2013,W,1050318,812163,1862481
09/13/2013,W,1036536,803298,1839834
09/14/2013,A,632081,504797,1136878
09/15/2013,U,409765,345621,755386
09/16/2013,W,1033555,776155,1809710
09/17/2013,W,1049035,788413,1837448
09/18/2013,W,1023243,783471,1806714
09/19/2013,W,1000885,791208,1792093
09/20/2013,W,1034561,800104,1834665
09/21/2013,A,629564,526128,1155692
09/22/2013,U,445308,368372,813680
09/23/2013,W,1026469,780751,1807220
09/24/2013,W,1041341,805859,1847200
09/25/2013,W,1055790,810826,1866616
09/26/2013,W,1047323,813509,1860832
09/27/2013,W,1034355,797916,1832271
09/28/2013,A,635517,506929,1142446
09/29/2013,U,439655,360040,799695
09/30/2013,W,1007775,765034,1772809
10/01/2013,W,1100251,760127,1860378
10/02/2013,W,1060370,771294,1831664
10/03/2013,W,1073368,776149,1849517
10/04/2013,W,1055644,763663,1819307
10/05/2013,A,606526,457086,1063612
10/06/2013,U,468784,350969,819753
10/07/2013,W,1033503,748714,1782217
10/08/2013,W,1062411,762764,1825175
10/09/2013,W,1056846,774550,1831396
10/10/2013,W,1041043,803786,1844829
10/11/2013,W,1033797,792305,1826102
10/12/2013,A,597479,497092,1094571
10/13/2013,U,433578,528335,961913
10/14/2013,W,836533,678287,1514820
10/15/2013,W,1005851,764848,1770699
10/16/2013,W,1017742,779074,1796816
10/17/2013,W,1025838,789200,1815038
10/18/2013,W,1024958,784891,1809849
10/19/2013,A,599201,498671,1097872
10/20/2013,U,417109,367355,784464
10/21/2013,W,972502,778456,1750958
10/22/2013,W,948098,785501,1733599
10/23/2013,W,993612,797121,1790733
10/24/2013,W,1007402,810665,1818067
10/25/2013,W,986527,797551,1784078
10/26/2013,A,578216,492032,1070248
10/27/2013,U,413217,346467,759684
10/28/2013,W,982644,768974,1751618
10/29/2013,W,976102,790974,1767076
10/30/2013,W,967902,791183,1759085
10/31/2013,W,956055,786574,1742629
11/01/2013,W,937537,783970,1721507
11/02/2013,A,593170,483120,1076290
11/03/2013,U,430036,384737,814773
11/04/2013,W,978017,788454,1766471
11/05/2013,W,982549,795511,1778060
11/06/2013,W,965938,792044,1757982
11/07/2013,W,974582,812279,1786861
11/08/2013,W,974269,808267,1782536
11/09/2013,A,589432,507077,1096509
11/10/2013,U,426989,370923,797912
11/11/2013,W,727925,671720,1399645
11/12/2013,W,884181,770609,1654790
11/13/2013,W,967800,783483,1751283
11/14/2013,W,968420,806089,1774509
11/15/2013,W,972734,803561,1776295
11/16/2013,A,548828,489767,1038595
11/17/2013,U,343928,316525,660453
11/18/2013,W,948312,775101,1723413
11/19/2013,W,972260,790434,1762694
11/20/2013,W,974233,788003,1762236
11/21/2013,W,967167,799283,1766450
11/22/2013,W,955058,797556,1752614
11/23/2013,A,535573,513370,1048943
11/24/2013,U,362949,311868,674817
11/25/2013,W,898537,742488,1641025
11/26/2013,W,913171,768042,1681213
11/27/2013,W,785887,655899,1441786
11/28/2013,U,316200,238112,554312
11/29/2013,W,625605,448939,1074544
11/30/2013,A,594111,419067,1013178
12/01/2013,U,393065,311377,704442
12/02/2013,W,966367,745892,1712259
12/03/2013,W,1011416,772345,1783761
12/04/2013,W,1022579,778031,1800610
12/05/2013,W,956982,782864,1739846
12/06/2013,W,933388,766511,1699899
12/07/2013,A,523861,455354,979215
12/08/2013,U,356936,322820,679756
12/09/2013,W,904306,745781,1650087
12/10/2013,W,884567,726111,1610678
12/11/2013,W,888272,736512,1624784
12/12/2013,W,864926,722404,1587330
12/13/2013,W,930494,760860,1691354
12/14/2013,A,508408,473775,982183
12/15/2013,U,357251,317666,674917
12/16/2013,W,856591,697993,1554584
12/17/2013,W,883958,716650,1600608
12/18/2013,W,900934,719652,1620586
12/19/2013,W,888294,715173,1603467
12/20/2013,W,885107,706214,1591321
12/21/2013,A,513799,421443,935242
12/22/2013,U,374537,310920,685457
12/23/2013,W,691365,545145,1236510
12/24/2013,W,474089,341784,815873
12/25/2013,U,218166,144912,363078
12/26/2013,W,557420,438202,995622
12/27/2013,W,659876,531774,1191650
12/28/2013,A,506219,405004,911223
12/29/2013,U,335610,292169,627779
12/30/2013,W,604796,537971,1142767
12/31/2013,W,595963,565346,1161309
01/01/2014,U,281657,303441,585098
01/02/2014,W,601103,569395,1170498
01/03/2014,W,691262,598290,1289552
01/04/2014,A,469542,361203,830745
01/05/2014,U,268582,237067,505649
01/06/2014,W,311075,269542,580617
01/07/2014,W,489810,468681,958491
01/08/2014,W,806256,687473,1493729
01/09/2014,W,860867,727384,1588251
01/10/2014,W,872079,725812,1597891
01/11/2014,A,526267,424639,950906
01/12/2014,U,387031,312663,699694
01/13/2014,W,948883,762345,1711228
01/14/2014,W,923401,761893,1685294
01/15/2014,W,940266,761924,1702190
01/16/2014,W,927231,765910,1693141
01/17/2014,W,909353,743024,1652377
01/18/2014,A,480918,418986,899904
01/19/2014,U,372608,316288,688896
01/20/2014,W,599662,502485,1102147
01/21/2014,W,855515,734096,1589611
01/22/2014,W,872967,737074,1610041
01/23/2014,W,825049,715759,1540808
01/24/2014,W,763075,680260,1443335
01/25/2014,A,490314,396641,886955
01/26/2014,U,337328,280648,617976
01/27/2014,W,502031,472484,974515
01/28/2014,W,519517,485867,1005384
01/29/2014,W,889744,733780,1623524
01/30/2014,W,902855,751471,1654326
01/31/2014,W,930172,754479,1684651
02/01/2014,A,497989,405961,903950
02/02/2014,U,377994,299870,677864
02/03/2014,W,931825,729128,1660953
02/04/2014,W,946438,759960,1706398
02/05/2014,W,828739,753984,1582723
02/06/2014,W,888288,753787,1642075
02/07/2014,W,873759,724771,1598530
02/08/2014,A,513518,416614,930132
02/09/2014,U,385739,301471,687210
02/10/2014,W,888500,716772,1605272
02/11/2014,W,923651,743715,1667366
02/12/2014,W,842139,713255,1555394
02/13/2014,W,975061,784280,1759341
02/14/2014,W,961152,778342,1739494
02/15/2014,A,567619,448648,1016267
02/16/2014,U,401088,324457,725545
02/17/2014,W,695931,594339,1290270
02/18/2014,W,947147,777183,1724330
02/19/2014,W,974552,783745,1758297
02/20/2014,W,893699,759455,1653154
02/21/2014,W,926827,766802,1693629
02/22/2014,A,570349,452998,1023347
02/23/2014,U,392042,315317,707359
02/24/2014,W,925043,739926,1664969
02/25/2014,W,933471,752744,1686215
02/26/2014,W,884516,728685,1613201
02/27/2014,W,876615,728137,1604752
02/28/2014,W,936301,745915,1682216
03/01/2014,A,559952,448218,1008170
03/02/2014,U,371300,304402,675702
03/03/2014,W,900837,709629,1610466
03/04/2014,W,953477,761357,1714834
03/05/2014,W,918971,769178,1688149
03/06/2014,W,962802,775465,1738267
03/07/2014,W,958096,769821,1727917
03/08/2014,A,553250,447401,1000651
03/09/2014,U,405308,328025,733333
03/10/2014,W,959467,767043,1726510
03/11/2014,W,959134,772592,1731726
03/12/2014,W,868232,746895,1615127
03/13/2014,W,940113,785327,1725440
03/14/2014,W,955810,819256,1775066
03/15/2014,A,593789,674922,1268711
03/16/2014,U,371881,349484,721365
03/17/2014,W,932779,763579,1696358
03/18/2014,W,959483,782899,1742382
03/19/2014,W,920270,767680,1687950
03/20/2014,W,957032,786292,1743324
03/21/2014,W,959387,779226,1738613
03/22/2014,A,597815,452237,1050052
03/23/2014,U,418299,315092,733391
03/24/2014,W,923396,706637,1630033
03/25/2014,W,928067,719323,1647390
03/26/2014,W,961287,734053,1695340
03/27/2014,W,927050,725889,1652939
03/28/2014,W,944696,732211,1676907
03/29/2014,A,572055,438766,1010821
03/30/2014,U,432880,379220,812100
03/31/2014,W,940176,762112,1702288
04/01/2014,W,986346,772459,1758805
04/02/2014,W,952475,784201,1736676
04/03/2014,W,917123,765726,1682849
04/04/2014,W,941118,806643,1747761
04/05/2014,A,599182,531509,1130691
04/06/2014,U,435676,373726,809402
04/07/2014,W,913081,753038,1666119
04/08/2014,W,913012,773383,1686395
04/09/2014,W,977698,805182,1782880
04/10/2014,W,947682,806042,1753724
04/11/2014,W,953384,803062,1756446
04/12/2014,A,574622,524370,1098992
04/13/2014,U,390666,330841,721507
04/14/2014,W,792277,697727,1490004
04/15/2014,W,844484,734464,1578948
04/16/2014,W,866995,757767,1624762
04/17/2014,W,864791,770728,1635519
04/18/2014,W,814560,712086,1526646
04/19/2014,A,568016,476147,1044163
04/20/2014,U,399289,333380,732669
04/21/2014,W,876478,741631,1618109
04/22/2014,W,938052,794547,1732599
04/23/2014,W,911681,793484,1705165
04/24/2014,W,893970,794395,1688365
04/25/2014,W,936028,797851,1733879
04/26/2014,A,580601,499576,1080177
04/27/2014,U,400302,344503,744805
04/28/2014,W,884033,735132,1619165
04/29/2014,W,919869,770461,1690330
04/30/2014,W,925494,772097,1697591
05/01/2014,W,985012,788162,1773174
05/02/2014,W,981085,794448,1775533
05/03/2014,A,632332,511129,1143461
05/04/2014,U,429710,356412,786122
05/05/2014,W,963691,769476,1733167
05/06/2014,W,974250,784430,1758680
05/07/2014,W,967197,773634,1740831
05/08/2014,W,968856,794388,1763244
05/09/2014,W,921741,762641,1684382
05/10/2014,A,608188,468058,1076246
05/11/2014,U,402497,321063,723560
05/12/2014,W,880457,711215,1591672
05/13/2014,W,904717,735362,1640079
05/14/2014,W,916259,749500,1665759
05/15/2014,W,890597,751405,1642002
05/16/2014,W,900252,764035,1664287
05/17/2014,A,579674,492704,1072378
05/18/2014,U,434998,382342,817340
05/19/2014,W,885010,732346,1617356
05/20/2014,W,922226,781529,1703755
05/21/2014,W,925959,790957,1716916
05/22/2014,W,908285,788319,1696604
05/23/2014,W,906712,763127,1669839
05/24/2014,A,575483,490635,1066118
05/25/2014,U,450296,403930,854226
05/26/2014,U,413568,345231,758799
05/27/2014,W,880521,728464,1608985
05/28/2014,W,905284,751880,1657164
05/29/2014,W,901067,762505,1663572
05/30/2014,W,934382,782522,1716904
05/31/2014,A,600856,507919,1108775
06/01/2014,U,445596,376894,822490
06/02/2014,W,864622,726524,1591146
06/03/2014,W,936306,812230,1748536
06/04/2014,W,879397,762035,1641432
06/05/2014,W,910818,797899,1708717
06/06/2014,W,906586,796373,1702959
06/07/2014,A,585247,524812,1110059
06/08/2014,U,429503,393358,822861
06/09/2014,W,878784,750337,1629121
06/10/2014,W,859477,748307,1607784
06/11/2014,W,870560,761366,1631926
06/12/2014,W,880810,779426,1660236
06/13/2014,W,881991,810893,1692884
06/14/2014,A,581799,556285,1138084
06/15/2014,U,410273,388603,798876
06/16/2014,W,796802,729177,1525979
06/17/2014,W,806325,738327,1544652
06/18/2014,W,766725,717546,1484271
06/19/2014,W,803296,742211,1545507
06/20/2014,W,813597,775063,1588660
06/21/2014,A,537612,503304,1040916
06/22/2014,U,452933,427533,880466
06/23/2014,W,825185,726655,1551840
06/24/2014,W,859711,755376,1615087
06/25/2014,W,874922,761775,1636697
06/26/2014,W,883107,779277,1662384
06/27/2014,W,879565,793688,1673253
06/28/2014,A,574082,524253,1098335
06/29/2014,U,428350,534327,962677
06/30/2014,W,766381,697417,1463798
07/01/2014,W,855553,753101,1608654
07/02/2014,W,824805,725327,1550132
07/03/2014,W,856556,727253,1583809
07/04/2014,U,478993,473842,952835
07/05/2014,A,513494,439422,952916
07/06/2014,U,410521,354469,764990
07/07/2014,W,821674,704301,1525975
07/08/2014,W,836929,725372,1562301
07/09/2014,W,855793,763164,1618957
07/10/2014,W,854968,782968,1637936
07/11/2014,W,839507,817078,1656585
07/12/2014,A,497531,471216,968747
07/13/2014,U,437544,429753,867297
07/14/2014,W,803242,716634,1519876
07/15/2014,W,828927,739993,1568920
07/16/2014,W,844384,752925,1597309
07/17/2014,W,837907,762599,1600506
07/18/2014,W,839720,819331,1659051
07/19/2014,A,578126,559893,1138019
07/20/2014,U,423665,431674,855339
07/21/2014,W,821289,740142,1561431
07/22/2014,W,825700,765642,1591342
07/23/2014,W,838958,777929,1616887
07/24/2014,W,833052,790076,1623128
07/25/2014,W,813032,793426,1606458
07/26/2014,A,563247,540197,1103444
07/27/2014,U,423806,403719,827525
07/28/2014,W,810122,730188,1540310
07/29/2014,W,810857,746646,1557503
07/30/2014,W,815885,760415,1576300
07/31/2014,W,819409,785640,1605049
08/01/2014,W,841692,824658,1666350
08/02/2014,A,592660,571486,1164146
08/03/2014,U,420667,441136,861803
08/04/2014,W,798672,716949,1515621
08/05/2014,W,824134,737875,1562009
08/06/2014,W,827073,741608,1568681
08/07/2014,W,827473,745930,1573403
08/08/2014,W,836918,787177,1624095
08/09/2014,A,582607,552265,1134872
08/10/2014,U,427882,405792,833674
08/11/2014,W,772003,718836,1490839
08/12/2014,W,772713,719699,1492412
08/13/2014,W,817833,745654,1563487
08/14/2014,W,810388,770920,1581308
08/15/2014,W,820884,749693,1570577
08/16/2014,A,583313,501095,1084408
08/17/2014,U,422345,382210,804555
08/18/2014,W,786527,708188,1494715
08/19/2014,W,787767,727891,1515658
08/20/2014,W,829572,758067,1587639
08/21/2014,W,771537,739451,1510988
08/22/2014,W,816652,762365,1579017
08/23/2014,A,517416,459047,976463
08/24/2014,U,432777,387171,819948
08/25/2014,W,787836,712661,1500497
08/26/2014,W,858520,757206,1615726
08/27/2014,W,874420,768933,1643353
08/28/2014,W,867478,773821,1641299
08/29/2014,W,871087,781881,1652968
08/30/2014,A,581944,520855,1102799
08/31/2014,U,451820,448668,900488
09/01/2014,U,419182,366912,786094
09/02/2014,W,952266,773307,1725573
09/03/2014,W,985184,813174,1798358
09/04/2014,W,942676,794090,1736766
09/05/2014,W,933196,801886,1735082
09/06/2014,A,593846,534590,1128436
09/07/2014,U,427686,395246,822932
09/08/2014,W,956395,786501,1742896
09/09/2014,W,967610,800307,1767917
09/10/2014,W,898549,788458,1687007
09/11/2014,W,953091,833378,1786469
09/12/2014,W,929062,817716,1746778
09/13/2014,A,584842,525886,1110728
09/14/2014,U,431379,386903,818282
09/15/2014,W,924594,804175,1728769
09/16/2014,W,964802,827582,1792384
09/17/2014,W,975664,832609,1808273
09/18/2014,W,967453,848591,1816044
09/19/2014,W,955896,854602,1810498
09/20/2014,A,566053,511922,1077975
09/21/2014,U,417931,387673,805604
09/22/2014,W,947353,819134,1766487
09/23/2014,W,960506,826655,1787161
09/24/2014,W,961323,833600,1794923
09/25/2014,W,963447,824454,1787901
09/26/2014,W,957961,814285,1772246
09/27/2014,A,592901,515308,1108209
09/28/2014,U,423502,386129,809631
09/29/2014,W,934648,793644,1728292
09/30/2014,W,945847,805360,1751207
10/01/2014,W,1010778,825205,1835983
10/02/2014,W,960602,820764,1781366
10/03/2014,W,954675,811571,1766246
10/04/2014,A,557711,482714,1040425
10/05/2014,U,420636,353400,774036
10/06/2014,W,957372,798793,1756165
10/07/2014,W,971693,814006,1785699
10/08/2014,W,972010,822875,1794885
10/09/2014,W,969095,838925,1808020
10/10/2014,W,954800,839036,1793836
10/11/2014,A,584377,527418,1111795
10/12/2014,U,389901,549571,939472
10/13/2014,W,743512,714675,1458187
10/14/2014,W,914687,814971,1729658
10/15/2014,W,956165,826620,1782785
10/16/2014,W,959217,848014,1807231
10/17/2014,W,949303,844701,1794004
10/18/2014,A,567859,525540,1093399
10/19/2014,U,424169,393552,817721
10/20/2014,W,939282,801698,1740980
10/21/2014,W,947668,814300,1761968
10/22/2014,W,959209,818395,1777604
10/23/2014,W,949675,829088,1778763
10/24/2014,W,943435,815235,1758670
10/25/2014,A,586281,500235,1086516
10/26/2014,U,410811,362143,772954
10/27/2014,W,940038,792398,1732436
10/28/2014,W,953363,812867,1766230
10/29/2014,W,944219,813686,1757905
10/30/2014,W,951547,830872,1782419
10/31/2014,W,894082,800198,1694280
11/01/2014,A,556675,491328,1048003
11/02/2014,U,416049,383910,799959
11/03/2014,W,995821,805002,1800823
11/04/2014,W,971255,805374,1776629
11/05/2014,W,990008,827900,1817908
11/06/2014,W,941564,821892,1763456
11/07/2014,W,873365,802400,1675765
11/08/2014,A,563782,492608,1056390
11/09/2014,U,411806,379597,791403
11/10/2014,W,938000,786491,1724491
11/11/2014,W,759033,698289,1457322
11/12/2014,W,911664,797730,1709394
11/13/2014,W,866929,789154,1656083
11/14/2014,W,911150,794103,1705253
11/15/2014,A,532937,458706,991643
11/16/2014,U,372383,331794,704177
11/17/2014,W,863661,758113,1621774
11/18/2014,W,846179,755916,1602095
11/19/2014,W,889137,774198,1663335
11/20/2014,W,899732,786919,1686651
11/21/2014,W,898889,787291,1686180
11/22/2014,A,534874,525065,1059939
11/23/2014,U,380928,340202,721130
11/24/2014,W,857759,746052,1603811
11/25/2014,W,889039,780322,1669361
11/26/2014,W,738720,652762,1391482
11/27/2014,U,285946,233318,519264
11/28/2014,W,525696,424837,950533
11/29/2014,A,493851,417770,911621
11/30/2014,U,367831,311435,679266
12/12/2014,W,912339,773048,1685387
12/16/2014,W,875970,729798,1605768
12/01/2014,W,912722,743704,1656426
12/14/2014,U,418122,357042,775164
12/27/2014,A,449446,337243,786689
12/02/2014,W,926053,766316,1692369
12/17/2014,W,868378,720814,1589192
12/28/2014,U,353263,283343,636606
12/04/2014,W,939372,804113,1743485
12/11/2014,W,922765,774798,1697563
12/31/2014,W,599316,642981,1242297
12/20/2014,A,537820,436322,974142
12/18/2014,W,867861,722656,1590517
12/06/2014,A,569561,490865,1060426
12/26/2014,W,569843,422543,992386
12/30/2014,W,646243,567099,1213342
12/08/2014,W,882998,734002,1617000
12/22/2014,W,705765,619508,1325273
12/03/2014,W,964141,782753,1746894
12/09/2014,W,911402,758780,1670182
12/13/2014,A,575613,498945,1074558
12/05/2014,W,937187,800885,1738072
12/24/2014,W,549046,388742,937788
12/19/2014,W,857137,716221,1573358
12/21/2014,U,397000,332367,729367
12/10/2014,W,914038,763277,1677315
12/07/2014,U,397656,334688,732344
12/29/2014,W,654612,559416,1214028
12/23/2014,W,720116,617728,1337844
12/15/2014,W,871449,725989,1597438
12/25/2014,U,238015,159831,397846
01/17/2015,A,539500,417756,957256
07/24/2014,W,833052,790076,1623128
01/12/2015,W,871183,738697,1609880
01/31/2015,A,551745,419577,971322
07/12/2014,A,497531,471216,968747
01/20/2015,W,913930,754946,1668876
07/23/2014,W,838958,777929,1616887
07/04/2014,U,478993,473842,952835
07/05/2014,A,513494,439422,952916
07/06/2014,U,410521,354469,764990
01/18/2015,U,391445,300710,692155
01/02/2015,W,656375,527583,1183958
07/27/2014,U,423806,403719,827525
07/25/2014,W,813032,793426,1606458
07/22/2014,W,825700,765642,1591342
01/29/2015,W,898174,760217,1658391
01/06/2015,W,771953,679913,1451866
07/15/2014,W,828927,739993,1568920
01/21/2015,W,905178,756860,1662038
01/27/2015,W,913448,764457,1677905
07/01/2014,W,855553,753101,1608654
01/01/2015,U,300426,287754,588180
07/21/2014,W,821289,740142,1561431
01/16/2015,W,898222,748177,1646399
01/13/2015,W,881226,743774,1625000
07/03/2014,W,856556,727253,1583809
01/10/2015,A,435672,352140,787812
01/08/2015,W,558275,579994,1138269
01/05/2015,W,753918,657877,1411795
07/11/2014,W,839507,817078,1656585
01/04/2015,U,330082,267676,597758
07/08/2014,W,836929,725372,1562301
07/14/2014,W,803242,716634,1519876
07/18/2014,W,839720,819331,1659051
07/10/2014,W,854968,782968,1637936
01/15/2015,W,899363,760336,1659699
07/20/2014,U,423665,431674,855339
01/14/2015,W,885449,742410,1627859
07/19/2014,A,578126,559893,1138019
01/23/2015,W,902567,747376,1649943
01/24/2015,A,538766,415123,953889
01/19/2015,W,597347,502376,1099723
01/30/2015,W,933971,754968,1688939
01/03/2015,A,441327,340135,781462
07/02/2014,W,824805,725327,1550132
01/11/2015,U,349027,279494,628521
07/13/2014,U,437544,429753,867297
07/29/2014,W,810857,746646,1557503
07/26/2014,A,563247,540197,1103444
01/28/2015,W,922297,763680,1685977
07/30/2014,W,815885,760415,1576300
01/09/2015,W,715334,639901,1355235
01/22/2015,W,903230,761705,1664935
07/09/2014,W,855793,763164,1618957
01/25/2015,U,339402,279154,618556
07/07/2014,W,821674,704301,1525975
07/28/2014,W,810122,730188,1540310
01/26/2015,W,896430,738965,1635395
07/31/2014,W,819409,785640,1605049
07/16/2014,W,844384,752925,1597309
01/07/2015,W,508815,509075,1017890
07/17/2014,W,837907,762599,1600506
02/27/2015,W,903421,736663,1640084
02/04/2015,W,957218,791399,1748617
02/11/2015,W,966071,770885,1736956
02/14/2015,A,514916,380652,895568
02/26/2015,W,857402,755359,1612761
02/15/2015,U,336299,276160,612459
02/25/2015,W,905748,752497,1658245
02/03/2015,W,947457,806148,1753605
02/07/2015,A,600789,439214,1040003
02/08/2015,U,399923,298701,698624
02/02/2015,W,632367,563770,1196137
02/21/2015,A,565948,410400,976348
02/19/2015,W,576326,575180,1151506
02/23/2015,W,857014,700742,1557756
02/05/2015,W,932148,780378,1712526
02/22/2015,U,378733,299663,678396
02/09/2015,W,936475,750136,1686611
02/17/2015,W,912529,745575,1658104
02/24/2015,W,901872,728674,1630546
02/28/2015,A,542479,405241,947720
02/13/2015,W,911949,740559,1652508
02/06/2015,W,959648,768091,1727739
02/12/2015,W,883395,729249,1612644
02/10/2015,W,965833,772727,1738560
02/16/2015,W,652807,547767,1200574
02/20/2015,W,847700,697600,1545300
02/18/2015,W,833785,707746,1541531
02/01/2015,U,293689,270615,564304
03/29/2015,U,362329,325865,688194
03/01/2015,U,383971,293964,677935
03/07/2015,A,585771,427330,1013101
03/02/2015,W,912384,715945,1628329
03/12/2015,W,953310,790210,1743520
03/05/2015,W,909192,744229,1653421
03/23/2015,W,817246,693264,1510510
03/27/2015,W,888293,726738,1615031
03/19/2015,W,928929,771127,1700056
03/16/2015,W,939583,768218,1707801
03/10/2015,W,953173,767551,1720724
03/15/2015,U,432055,362045,794100
03/28/2015,A,539031,429689,968720
03/13/2015,W,950690,801547,1752237
03/03/2015,W,904439,735951,1640390
03/26/2015,W,925361,736687,1662048
03/21/2015,A,566447,447493,1013940
03/11/2015,W,955083,778171,1733254
03/20/2015,W,932331,760906,1693237
03/24/2015,W,904344,727888,1632232
03/14/2015,A,605758,673707,1279465
03/18/2015,W,937056,771625,1708681
03/22/2015,U,383134,306283,689417
03/30/2015,W,903992,736692,1640684
03/08/2015,U,399324,309962,709286
03/31/2015,W,922487,753405,1675892
03/06/2015,W,909446,732902,1642348
03/17/2015,W,934438,770081,1704519
03/09/2015,W,935951,752995,1688946
03/25/2015,W,916538,734311,1650849
03/04/2015,W,928771,750369,1679140
05/09/2015,A,572064,455436,1027500
04/12/2015,U,410420,332334,742754
05/08/2015,W,916218,780602,1696820
05/20/2015,W,906942,760399,1667341
04/22/2015,W,925517,780432,1705949
04/23/2015,W,935537,799888,1735425
05/05/2015,W,918652,769751,1688403
05/01/2015,W,993931,835711,1829642
05/16/2015,A,561092,493377,1054469
05/28/2015,W,925094,787104,1712198
04/18/2015,A,599954,503902,1103856
04/29/2015,W,934550,793551,1728101
05/03/2015,U,435591,379014,814605
04/16/2015,W,890058,791213,1681271
04/24/2015,W,912926,782626,1695552
05/02/2015,A,629640,548837,1178477
05/23/2015,A,575386,501879,1077265
04/04/2015,A,582015,427101,1009116
05/22/2015,W,908692,760362,1669054
05/18/2015,W,908842,761991,1670833
05/19/2015,W,902867,759919,1662786
04/05/2015,U,393690,327292,720982
05/17/2015,U,415263,373832,789095
04/28/2015,W,941909,789018,1730927
04/27/2015,W,925541,769888,1695429
04/21/2015,W,931681,779658,1711339
05/21/2015,W,921476,784762,1706238
04/10/2015,W,828661,757159,1585820
04/06/2015,W,807389,711923,1519312
05/30/2015,A,481814,428464,910278
04/11/2015,A,586791,469045,1055836
05/31/2015,U,388866,351159,740025
04/26/2015,U,419729,352658,772387
05/13/2015,W,926402,784501,1710903
04/09/2015,W,748326,711033,1459359
05/26/2015,W,878946,743291,1622237
05/27/2015,W,921204,783749,1704953
05/10/2015,U,385323,315215,700538
05/24/2015,U,401488,366008,767496
04/01/2015,W,974353,784085,1758438
05/04/2015,W,933337,756442,1689779
04/20/2015,W,907393,762726,1670119
04/02/2015,W,897550,761806,1659356
04/19/2015,U,394676,338222,732898
04/14/2015,W,946490,796083,1742573
04/03/2015,W,814328,681130,1495458
05/29/2015,W,892551,800510,1693061
04/25/2015,A,496407,435893,932300
05/12/2015,W,904654,770185,1674839
04/17/2015,W,936814,818272,1755086
05/07/2015,W,956437,810302,1766739
04/15/2015,W,904861,796244,1701105
05/11/2015,W,869148,743353,1612501
04/13/2015,W,908654,767492,1676146
05/25/2015,U,397951,357227,755178
04/08/2015,W,822289,750275,1572564
05/06/2015,W,951886,789988,1741874
05/15/2015,W,921190,804671,1725861
05/14/2015,W,912634,795093,1707727
04/30/2015,W,923564,817167,1740731
04/07/2015,W,813597,727328,1540925
06/06/2015,A,606641,511352,1117993
06/17/2015,W,869500,775968,1645468
06/24/2015,W,821308,787858,1609166
06/15/2015,W,817931,774439,1592370
06/03/2015,W,964899,794693,1759592
06/01/2015,W,942997,757975,1700972
06/22/2015,W,759346,731448,1490794
06/10/2015,W,915049,801607,1716656
06/04/2015,W,938834,797464,1736298
06/08/2015,W,891851,759176,1651027
06/12/2015,W,854059,812194,1666253
06/19/2015,W,893122,813552,1706674
06/18/2015,W,867529,914768,1782297
06/23/2015,W,840211,794064,1634275
06/26/2015,W,773954,748661,1522615
06/14/2015,U,419317,407107,826424
06/07/2015,U,388946,337748,726694
06/09/2015,W,932006,792806,1724812
06/21/2015,U,439513,390557,830070
06/27/2015,A,570969,509237,1080206
06/30/2015,W,835118,751277,1586395
06/20/2015,A,563855,500734,1064589
06/29/2015,W,797072,730941,1528013
06/13/2015,A,590950,566965,1157915
06/28/2015,U,439944,577866,1017810
06/25/2015,W,808260,791423,1599683
06/02/2015,W,933346,779073,1712419
06/11/2015,W,898644,811432,1710076
06/16/2015,W,911783,818185,1729968
06/05/2015,W,919157,784462,1703619
08/09/2015,U,414942,384961,799903
07/16/2015,W,802468,762144,1564612
08/12/2015,W,817244,772367,1589611
08/21/2015,W,829744,785707,1615451
08/08/2015,A,577878,534305,1112183
07/27/2015,W,820529,760311,1580840
08/29/2015,A,520511,468675,989186
08/02/2015,U,425896,469421,895317
08/05/2015,W,831758,765442,1597200
08/01/2015,A,574270,587633,1161903
08/14/2015,W,813718,760558,1574276
08/20/2015,W,820929,778440,1599369
07/08/2015,W,848028,813381,1661409
07/17/2015,W,822257,809549,1631806
08/27/2015,W,858460,803728,1662188
07/31/2015,W,834790,871817,1706607
07/23/2015,W,844483,783822,1628305
08/26/2015,W,860821,774429,1635250
08/28/2015,W,841111,770482,1611593
08/16/2015,U,448872,420453,869325
07/15/2015,W,859672,775047,1634719
07/09/2015,W,856253,834100,1690353
07/07/2015,W,834983,794300,1629283
07/29/2015,W,814733,820373,1635106
08/03/2015,W,833632,751771,1585403
07/22/2015,W,844761,785763,1630524
08/10/2015,W,772518,716242,1488760
08/31/2015,W,836125,771622,1607747
07/01/2015,W,886380,762718,1649098
07/20/2015,W,819425,749387,1568812
08/19/2015,W,801496,768950,1570446
07/28/2015,W,827024,782394,1609418
08/23/2015,U,412542,393966,806508
08/11/2015,W,823620,770361,1593981
08/30/2015,U,417777,371923,789700
07/25/2015,A,573827,539665,1113492
07/21/2015,W,848416,782194,1630610
08/06/2015,W,825012,795399,1620411
07/03/2015,U,602599,612736,1215335
07/06/2015,W,816338,770918,1587256
07/18/2015,A,529845,515769,1045614
08/13/2015,W,817948,790163,1608111
07/30/2015,W,825894,811903,1637797
07/05/2015,U,427090,435680,862770
07/02/2015,W,850667,773838,1624505
08/17/2015,W,775836,708821,1484657
07/13/2015,W,784509,727235,1511744
08/04/2015,W,839704,762573,1602277
07/04/2015,A,508110,545727,1053837
07/12/2015,U,457477,468153,925630
07/10/2015,W,858745,851630,1710375
08/24/2015,W,824140,774207,1598347
07/24/2015,W,830024,818410,1648434
07/26/2015,U,419005,402975,821980
07/11/2015,A,575848,560642,1136490
08/25/2015,W,838405,768794,1607199
07/19/2015,U,440059,443655,883714
07/14/2015,W,836909,760527,1597436
08/18/2015,W,782272,745246,1527518
08/15/2015,A,567544,517393,1084937
08/22/2015,A,582295,519930,1102225
08/07/2015,W,831076,798253,1629329
10/18/2015,U,415455,392712,808167
09/07/2015,U,419206,362421,781627
09/13/2015,U,423559,417183,840742
09/28/2015,W,929278,829791,1759069
10/25/2015,U,415182,368100,783282
09/09/2015,W,966510,821823,1788333
10/01/2015,W,993576,848050,1841626
10/09/2015,W,931769,854606,1786375
09/05/2015,A,571868,528694,1100562
10/31/2015,A,500004,418362,918366
10/30/2015,W,949185,840246,1789431
09/19/2015,A,558990,557919,1116909
10/12/2015,W,759254,776968,1536222
09/18/2015,W,895702,853094,1748796
09/16/2015,W,956622,840594,1797216
10/19/2015,W,930236,819286,1749522
10/24/2015,A,556146,492083,1048229
10/27/2015,W,916953,824772,1741725
10/26/2015,W,929741,805144,1734885
09/17/2015,W,927771,851514,1779285
10/29/2015,W,916453,837868,1754321
10/02/2015,W,981039,837159,1818198
09/06/2015,U,452841,452445,905286
09/02/2015,W,882052,792561,1674613
10/06/2015,W,967808,831137,1798945
10/22/2015,W,942983,852957,1795940
10/28/2015,W,910794,826173,1736967
09/01/2015,W,909864,799606,1709470
09/20/2015,U,433770,428858,862628
09/11/2015,W,924272,872323,1796595
09/22/2015,W,947566,842632,1790198
10/04/2015,U,417529,371950,789479
10/15/2015,W,946290,860809,1807099
10/14/2015,W,954519,845066,1799585
09/08/2015,W,885886,756110,1641996
10/03/2015,A,571153,488574,1059727
10/21/2015,W,955633,882188,1837821
09/29/2015,W,914286,822855,1737141
09/25/2015,W,951827,863209,1815036
09/26/2015,A,598862,565634,1164496
10/17/2015,A,578160,546096,1124256
09/14/2015,W,930582,803746,1734328
10/16/2015,W,936818,855252,1792070
09/21/2015,W,935471,837061,1772532
09/24/2015,W,942518,835403,1777921
10/23/2015,W,915489,828812,1744301
10/08/2015,W,959798,851423,1811221
10/11/2015,U,400140,558033,958173
10/10/2015,A,577667,541173,1118840
10/05/2015,W,948999,805091,1754090
09/03/2015,W,907453,800062,1707515
09/27/2015,U,422542,406802,829344
10/20/2015,W,950953,875792,1826745
09/12/2015,A,553239,530282,1083521
09/15/2015,W,956026,853826,1809852
09/10/2015,W,928707,823661,1752368
09/04/2015,W,869966,802219,1672185
09/30/2015,W,946374,835001,1781375
10/13/2015,W,947941,873747,1821688
09/23/2015,W,942933,838495,1781428
10/07/2015,W,970204,854361,1824565
11/28/2015,A,459598,396926,856524
11/07/2015,A,573470,496404,1069874
11/18/2015,W,893671,808901,1702572
11/13/2015,W,837532,804273,1641805
11/03/2015,W,987382,830460,1817842
11/17/2015,W,880013,801291,1681304
11/23/2015,W,877236,781545,1658781
11/30/2015,W,870662,756626,1627288
11/24/2015,W,898177,805812,1703989
11/01/2015,U,436791,378873,815664
11/02/2015,W,940464,817657,1758121
11/11/2015,W,755234,738828,1494062
11/08/2015,U,414784,379185,793969
11/06/2015,W,925054,832872,1757926
11/05/2015,W,942300,851684,1793984
11/27/2015,W,443089,410220,853309
11/21/2015,A,429624,469943,899567
11/22/2015,U,356953,338408,695361
11/09/2015,W,923927,811177,1735104
11/04/2015,W,956176,842035,1798211
11/12/2015,W,879349,820988,1700337
11/25/2015,W,735265,667707,1402972
11/10/2015,W,940362,832141,1772503
11/15/2015,U,411704,352488,764192
11/20/2015,W,894949,812590,1707539
11/26/2015,U,288282,234285,522567
11/19/2015,W,884290,811595,1695885
11/14/2015,A,545554,475091,1020645
11/16/2015,W,908305,797597,1705902
11/29/2015,U,365314,312990,678304
12/03/2015,W,940609,807065,1747674
12/15/2015,W,884506,755882,1640388
12/25/2015,U,231718,162100,393818
12/08/2015,W,910018,775695,1685713
12/31/2015,W,604409,565772,1170181
12/18/2015,W,846033,738908,1584941
12/07/2015,W,898172,758242,1656414
12/21/2015,W,696473,644071,1340544
12/05/2015,A,566882,501339,1068221
12/23/2015,W,654312,571814,1226126
12/10/2015,W,909606,796080,1705686
12/12/2015,A,541305,491199,1032504
12/16/2015,W,871638,755292,1626930
12/06/2015,U,411174,360066,771240
12/30/2015,W,636706,585337,1222043
12/01/2015,W,949925,794768,1744693
12/04/2015,W,930083,815301,1745384
12/09/2015,W,916281,789224,1705505
12/26/2015,A,387357,292832,680189
12/28/2015,W,514171,484349,998520
12/02/2015,W,906715,792020,1698735
12/22/2015,W,722061,664559,1386620
12/14/2015,W,849106,728299,1577405
12/17/2015,W,864846,752203,1617049
12/27/2015,U,334737,272169,606906
12/24/2015,W,531521,378784,910305
12/19/2015,A,506208,423960,930168
12/11/2015,W,912854,801907,1714761
12/13/2015,U,383666,344084,727750
12/20/2015,U,392051,326681,718732
12/29/2015,W,638221,571322,1209543
02/24/2016,W,795160,725712,1520872
01/08/2016,W,841494,732495,1573989
01/16/2016,A,486797,404212,891009
01/09/2016,A,469539,391597,861136
01/10/2016,U,306896,263073,569969
02/06/2016,A,522296,423602,945898
01/23/2016,A,487975,416999,904974
01/26/2016,W,872768,764023,1636791
02/16/2016,W,883108,764147,1647255
02/25/2016,W,855117,762858,1617975
01/11/2016,W,753006,694734,1447740
01/15/2016,W,858032,742622,1600654
01/12/2016,W,760149,705694,1465843
02/08/2016,W,856547,733387,1589934
01/21/2016,W,873177,766262,1639439
02/22/2016,W,869531,745072,1614603
02/01/2016,W,926781,759849,1686630
01/05/2016,W,846789,727716,1574505
02/02/2016,W,833911,739247,1573158
01/07/2016,W,846274,736809,1583083
02/03/2016,W,925655,772821,1698476
01/14/2016,W,859099,758116,1617215
02/07/2016,U,377642,301141,678783
02/20/2016,A,566721,464149,1030870
02/09/2016,W,858961,752849,1611810
02/27/2016,A,536678,455421,992099
02/19/2016,W,887914,761996,1649910
01/27/2016,W,882832,768241,1651073
02/04/2016,W,901406,778227,1679633
01/24/2016,U,352859,293804,646663
02/14/2016,U,339238,314191,653429
01/04/2016,W,829429,703185,1532614
01/28/2016,W,877280,771161,1648441
02/29/2016,W,862380,742972,1605352
02/13/2016,A,438203,392095,830298
02/05/2016,W,785587,731495,1517082
02/10/2016,W,850090,742445,1592535
01/29/2016,W,863548,751090,1614638
01/19/2016,W,810646,727458,1538104
02/26/2016,W,865397,749991,1615388
01/17/2016,U,266532,241160,507692
02/21/2016,U,378769,311190,689959
01/18/2016,W,439597,405686,845283
01/03/2016,U,340540,287661,628201
02/11/2016,W,866884,752703,1619587
01/01/2016,U,303321,319835,623156
02/12/2016,W,820833,706242,1527075
02/23/2016,W,890949,765309,1656258
01/22/2016,W,841282,745168,1586450
01/30/2016,A,510514,427874,938388
01/25/2016,W,865486,751104,1616590
01/20/2016,W,856911,758524,1615435
01/02/2016,A,448859,365509,814368
01/06/2016,W,853904,733167,1587071
01/13/2016,W,787220,716663,1503883
01/31/2016,U,358361,293056,651417
02/15/2016,W,605584,548390,1153974
02/18/2016,W,890627,773317,1663944
02/17/2016,W,889758,766940,1656698
02/28/2016,U,385121,323758,708879
03/19/2016,A,520426,438020,958446
03/27/2016,U,342269,278098,620367
03/01/2016,W,859775,741922,1601697
03/21/2016,W,845669,707127,1552796
03/09/2016,W,882030,768961,1650991
03/20/2016,U,388282,318670,706952
03/10/2016,W,888084,780687,1668771
03/28/2016,W,842760,731858,1574618
03/16/2016,W,876232,779846,1656078
03/23/2016,W,838201,714672,1552873
03/29/2016,W,891134,766072,1657206
03/08/2016,W,902888,781301,1684189
03/24/2016,W,770638,689517,1460155
03/22/2016,W,863201,727343,1590544
03/11/2016,W,886599,797977,1684576
03/18/2016,W,875707,765919,1641626
03/25/2016,W,722960,650870,1373830
03/31/2016,W,832775,758014,1590789
03/15/2016,W,887592,769441,1657033
03/02/2016,W,878633,760062,1638695
03/03/2016,W,882188,764033,1646221
03/26/2016,A,518549,415919,934468
03/13/2016,U,332203,303129,635332
03/06/2016,U,393610,327173,720783
03/04/2016,W,883059,754750,1637809
03/05/2016,A,503983,421193,925176
03/30/2016,W,860700,750353,1611053
03/14/2016,W,870740,766595,1637335
03/07/2016,W,866171,739174,1605345
03/17/2016,W,891580,793590,1685170
03/12/2016,A,542246,605182,1147428
04/11/2016,W,878043,789042,1667085
04/10/2016,U,345627,301954,647581
04/24/2016,U,397080,343644,740724
04/08/2016,W,782419,753786,1536205
04/02/2016,A,492072,406616,898688
04/30/2016,A,474138,416588,890726
04/20/2016,W,774694,745040,1519734
04/16/2016,A,554744,505299,1060043
04/13/2016,W,850705,796616,1647321
04/18/2016,W,785035,732335,1517370
04/14/2016,W,863513,805071,1668584
04/25/2016,W,854155,751951,1606106
04/27/2016,W,856722,782591,1639313
04/06/2016,W,851050,763128,1614178
04/07/2016,W,867670,786281,1653951
04/15/2016,W,881603,806015,1687618
04/21/2016,W,768704,754746,1523450
04/05/2016,W,898889,774877,1673766
04/17/2016,U,409732,376485,786217
04/01/2016,W,848592,767974,1616566
04/26/2016,W,862743,782134,1644877
04/19/2016,W,765854,741141,1506995
04/28/2016,W,851720,821158,1672878
04/12/2016,W,886265,777658,1663923
04/03/2016,U,396042,345432,741474
04/29/2016,W,893284,815629,1708913
04/23/2016,A,503944,445282,949226
04/04/2016,W,857791,741710,1599501
04/22/2016,W,745475,721051,1466526
04/09/2016,A,509980,446082,956062
06/12/2016,U,409577,414048,823625
07/15/2016,W,769172,804635,1573807
05/14/2016,A,497514,455838,953352
05/06/2016,W,877873,814758,1692631
05/20/2016,W,834308,756160,1590468
05/24/2016,W,854725,767439,1622164
07/30/2016,A,503786,576267,1080053
05/26/2016,W,853656,775073,1628729
05/13/2016,W,852594,787476,1640070
05/27/2016,W,808244,757981,1566225
07/22/2016,W,745409,747479,1492888
06/09/2016,W,828551,789678,1618229
06/16/2016,W,832864,777260,1610124
07/05/2016,W,769179,735491,1504670
06/05/2016,U,415836,395977,811813
05/09/2016,W,815440,736551,1551991
05/21/2016,A,513934,460385,974319
07/19/2016,W,795162,797424,1592586
06/22/2016,W,707452,755165,1462617
07/16/2016,A,529240,528345,1057585
07/08/2016,W,786823,790177,1577000
06/07/2016,W,863284,795251,1658535
05/11/2016,W,873275,804156,1677431
07/10/2016,U,409685,397778,807463
06/13/2016,W,827684,760210,1587894
06/18/2016,A,526402,520856,1047258
07/29/2016,W,739138,868062,1607200
05/08/2016,U,393146,357946,751092
06/01/2016,W,872679,788650,1661329
06/24/2016,W,762562,781653,1544215
06/25/2016,A,531261,506223,1037484
07/07/2016,W,769513,774128,1543641
07/26/2016,W,786060,777948,1564008
06/23/2016,W,757817,760840,1518657
06/11/2016,A,530558,542809,1073367
05/15/2016,U,384799,360008,744807
06/30/2016,W,763112,783020,1546132
05/02/2016,W,878407,751259,1629666
06/20/2016,W,785446,762810,1548256
07/04/2016,U,393858,410925,804783
07/13/2016,W,762764,742502,1505266
05/12/2016,W,849532,775198,1624730
05/17/2016,W,839788,748287,1588075
05/31/2016,W,801439,753953,1555392
07/02/2016,A,530654,448200,978854
06/27/2016,W,753543,723488,1477031
06/19/2016,U,405719,396078,801797
06/10/2016,W,862529,853441,1715970
07/24/2016,U,370394,346616,717010
06/03/2016,W,892290,824890,1717180
07/06/2016,W,771626,788995,1560621
05/04/2016,W,879217,767760,1646977
05/01/2016,U,376131,334275,710406
06/06/2016,W,854036,762707,1616743
05/29/2016,U,409978,430982,840960
05/07/2016,A,512770,484312,997082
07/17/2016,U,372190,409174,781364
05/22/2016,U,393684,357897,751581
07/18/2016,W,774239,768719,1542958
05/25/2016,W,833427,754244,1587671
07/21/2016,W,737845,753156,1491001
05/28/2016,A,500775,532343,1033118
07/09/2016,A,536269,515738,1052007
05/18/2016,W,856701,757395,1614096
06/15/2016,W,845450,786422,1631872
07/23/2016,A,472199,457178,929377
07/20/2016,W,788803,794496,1583299
06/29/2016,W,774728,754918,1529646
07/27/2016,W,789537,831925,1621462
06/21/2016,W,834157,810149,1644306
06/14/2016,W,834141,778823,1612964
05/16/2016,W,836089,730287,1566376
06/26/2016,U,380689,453679,834368
05/30/2016,U,394914,389143,784057
07/12/2016,W,782892,749136,1532028
07/11/2016,W,769128,739158,1508286
07/25/2016,W,757860,744827,1502687
07/01/2016,W,798706,726939,1525645
06/08/2016,W,866785,791667,1658452
05/19/2016,W,855438,772464,1627902
05/10/2016,W,827322,761469,1588791
05/23/2016,W,839566,748976,1588542
06/17/2016,W,832088,818467,1650555
06/04/2016,A,504778,462308,967086
07/03/2016,U,415172,376896,792068
06/02/2016,W,873112,815928,1689040
06/28/2016,W,771611,748753,1520364
05/03/2016,W,879141,769834,1648975
07/28/2016,W,745499,867964,1613463
07/31/2016,U,400504,472314,872818
05/05/2016,W,898541,818665,1717206
07/14/2016,W,794813,775495,1570308
10/28/2016,W,894311,918735,1813046
08/01/2016,W,805970,779020,1584990
09/24/2016,A,539037,529457,1068494
09/20/2016,W,895184,826518,1721702
10/13/2016,W,896918,828891,1725809
10/07/2016,W,888731,877814,1766545
10/11/2016,W,884539,805839,1690378
10/24/2016,W,869861,779618,1649479
10/20/2016,W,880209,812195,1692404
10/26/2016,W,824006,782126,1606132
09/13/2016,W,904869,811807,1716676
09/28/2016,W,855499,787727,1643226
09/29/2016,W,870533,799130,1669663
09/06/2016,W,910863,760434,1671297
10/06/2016,W,858960,817595,1676555
10/12/2016,W,847394,785404,1632798
10/05/2016,W,915987,815309,1731296
08/24/2016,W,751955,721826,1473781
08/04/2016,W,783253,755236,1538489
09/08/2016,W,882599,797585,1680184
10/18/2016,W,901884,810090,1711974
08/19/2016,W,743211,718317,1461528
08/31/2016,W,815110,779334,1594444
08/10/2016,W,777389,765854,1543243
10/17/2016,W,890736,791317,1682053
08/16/2016,W,762943,764267,1527210
08/15/2016,W,718167,688590,1406757
08/28/2016,U,395954,343853,739807
08/06/2016,A,539382,467180,1006562
09/05/2016,U,399846,347259,747105
10/27/2016,W,892963,822190,1715153
08/09/2016,W,781438,769199,1550637
10/23/2016,U,388470,366503,754973
08/17/2016,W,759254,747942,1507196
08/26/2016,W,797432,768053,1565485
10/29/2016,A,539098,627116,1166214
09/25/2016,U,394810,380403,775213
08/05/2016,W,779186,747672,1526858
09/02/2016,W,838151,777158,1615309
10/09/2016,U,368515,528189,896704
10/16/2016,U,385574,403090,788664
08/27/2016,A,501883,451497,953380
09/10/2016,A,510845,465562,976407
10/25/2016,W,876768,801123,1677891
09/04/2016,U,427194,421479,848673
08/18/2016,W,740297,743427,1483724
10/03/2016,W,912435,775906,1688341
08/12/2016,W,700723,715035,1415758
10/10/2016,W,714940,708958,1423898
09/21/2016,W,863211,814264,1677475
09/22/2016,W,897609,814897,1712506
08/08/2016,W,759970,707087,1467057
10/15/2016,A,542187,535567,1077754
10/01/2016,A,511504,445272,956776
09/30/2016,W,889641,787112,1676753
10/21/2016,W,867704,800137,1667841
09/15/2016,W,907872,862105,1769977
08/13/2016,A,522972,488035,1011007
10/31/2016,W,860741,797545,1658286
09/17/2016,A,537329,524421,1061750
09/26/2016,W,884989,787408,1672397
10/04/2016,W,919088,799529,1718617
08/20/2016,A,480928,445798,926726
09/01/2016,W,847144,784336,1631480
08/14/2016,U,402523,380801,783324
10/30/2016,U,377290,446582,823872
09/27/2016,W,889769,795780,1685549
10/14/2016,W,892797,818230,1711027
08/29/2016,W,781400,750329,1531729
09/19/2016,W,894210,816014,1710224
09/07/2016,W,885587,785121,1670708
09/03/2016,A,542836,509314,1052150
09/16/2016,W,889307,843488,1732795
10/08/2016,A,537610,546072,1083682
09/09/2016,W,879935,784678,1664613
08/22/2016,W,764690,744165,1508855
09/18/2016,U,401077,402811,803888
08/11/2016,W,767967,775031,1542998
08/30/2016,W,791868,767220,1559088
08/07/2016,U,398288,355693,753981
10/22/2016,A,533242,566999,1100241
09/12/2016,W,886146,784139,1670285
09/23/2016,W,880748,832417,1713165
10/19/2016,W,895104,807016,1702120
08/21/2016,U,417057,396317,813374
08/25/2016,W,775862,737801,1513663
08/23/2016,W,784341,744176,1528517
09/14/2016,W,898125,812240,1710365
09/11/2016,U,397693,354732,752425
08/03/2016,W,822281,785246,1607527
08/02/2016,W,795778,779493,1575271
10/02/2016,U,391845,351589,743434
11/06/2016,U,406215,380648,786863
11/09/2016,W,865500,817596,1683096
11/08/2016,W,880506,791870,1672376
11/14/2016,W,862939,775439,1638378
11/23/2016,W,661576,624827,1286403
11/04/2016,W,798901,1146516,1945417
11/13/2016,U,369986,338339,708325
11/21/2016,W,844666,758214,1602880
11/22/2016,W,837828,756704,1594532
11/07/2016,W,887002,809878,1696880
11/19/2016,A,477472,501156,978628
11/27/2016,U,343504,302029,645533
11/17/2016,W,873693,811240,1684933
11/24/2016,U,266241,219875,486116
11/30/2016,W,852623,768149,1620772
11/12/2016,A,500583,474411,974994
11/29/2016,W,871577,771348,1642925
11/01/2016,W,931276,815318,1746594
11/05/2016,A,536579,531687,1068266
11/25/2016,W,496285,411245,907530
11/10/2016,W,842332,807250,1649582
11/03/2016,W,919828,891357,1811185
11/28/2016,W,801243,720824,1522067
11/20/2016,U,345895,315179,661074
11/11/2016,W,715260,721083,1436343
11/15/2016,W,881225,797235,1678460
11/18/2016,W,819907,792361,1612268
11/02/2016,W,866812,842885,1709697
11/26/2016,A,441384,383042,824426
11/16/2016,W,884662,801320,1685982
12/02/2016,W,882063,780569,1662632
12/04/2016,U,333825,312904,646729
12/03/2016,A,517756,456762,974518
12/19/2016,W,650356,607020,1257376
12/29/2016,W,593626,532909,1126535
12/28/2016,W,611176,537443,1148619
12/16/2016,W,744691,690845,1435536
12/01/2016,W,885401,779287,1664688
12/09/2016,W,806718,730968,1537686
12/27/2016,W,575294,490822,1066116
12/05/2016,W,841336,735184,1576520
12/11/2016,U,309743,291688,601431
12/21/2016,W,770713,665402,1436115
12/13/2016,W,785276,714038,1499314
12/22/2016,W,747188,635174,1382362
12/06/2016,W,859470,745095,1604565
12/12/2016,W,787062,702745,1489807
12/25/2016,U,199220,131542,330762
12/18/2016,U,270767,253184,523951
12/23/2016,W,676407,516584,1192991
12/24/2016,A,391140,253926,645066
12/30/2016,W,628159,524474,1152633
12/20/2016,W,758686,668762,1427448
12/10/2016,A,472855,424387,897242
12/17/2016,A,445779,394366,840145
12/15/2016,W,617119,624213,1241332
12/26/2016,U,380189,292312,672501
12/14/2016,W,734884,688959,1423843
12/08/2016,W,790418,724726,1515144
12/07/2016,W,831766,745626,1577392
12/31/2016,A,433952,361268,795220
03/07/2017,W,862784,751315,1614099
03/18/2017,A,473609,404779,878388
01/03/2017,W,690503,650650,1341153
03/28/2017,W,846658,748201,1594859
01/08/2017,U,290096,244060,534156
01/22/2017,U,331138,272268,603406
03/12/2017,U,336952,292240,629192
03/10/2017,W,816750,730837,1547587
02/20/2017,W,623736,557822,1181558
03/08/2017,W,858498,751336,1609834
01/30/2017,W,806014,715290,1521304
01/01/2017,U,277926,292472,570398
03/20/2017,W,802404,690624,1493028
01/15/2017,U,328355,280852,609207
01/13/2017,W,771359,698254,1469613
01/25/2017,W,831467,743587,1575054
02/04/2017,A,461743,370873,832616
01/20/2017,W,798511,731616,1530127
03/13/2017,W,761376,703982,1465358
02/27/2017,W,837214,720932,1558146
03/19/2017,U,371042,304418,675460
03/04/2017,A,487500,401568,889068
02/03/2017,W,782899,690415,1473314
03/14/2017,W,712423,727042,1439465
03/24/2017,W,821828,715787,1537615
03/17/2017,W,804320,732007,1536327
03/06/2017,W,823084,703811,1526895
02/12/2017,U,358101,296805,654906
01/04/2017,W,636491,639970,1276461
01/14/2017,A,429614,363554,793168
03/29/2017,W,837430,745915,1583345
01/11/2017,W,803730,714551,1518281
01/17/2017,W,829925,737976,1567901
01/21/2017,A,488902,582031,1070933
01/18/2017,W,835362,742180,1577542
02/01/2017,W,883845,750500,1634345
01/10/2017,W,773792,711194,1484986
02/14/2017,W,870130,752585,1622715
01/29/2017,U,304565,274728,579293
03/25/2017,A,414644,356083,770727
02/18/2017,A,512205,447059,959264
03/11/2017,A,459826,493451,953277
03/23/2017,W,802941,708026,1510967
03/15/2017,W,822423,748703,1571126
02/10/2017,W,832724,720483,1553207
03/22/2017,W,816876,706282,1523158
02/21/2017,W,848951,741773,1590724
03/16/2017,W,827779,758060,1585839
02/05/2017,U,351708,282731,634439
03/09/2017,W,841498,748709,1590207
01/19/2017,W,823901,743065,1566966
02/25/2017,A,449817,374595,824412
02/28/2017,W,823654,730508,1554162
01/06/2017,W,591800,600277,1192077
02/17/2017,W,841425,738941,1580366
01/31/2017,W,828074,741389,1569463
01/05/2017,W,611987,629939,1241926
02/24/2017,W,820536,723532,1544068
01/09/2017,W,781139,692776,1473915
02/16/2017,W,831398,738525,1569923
03/21/2017,W,835641,718304,1553945
03/26/2017,U,340733,292995,633728
02/08/2017,W,841278,737535,1578813
02/02/2017,W,829125,736551,1565676
02/23/2017,W,850254,751257,1601511
01/23/2017,W,817750,724078,1541828
02/13/2017,W,822007,702129,1524136
02/15/2017,W,841181,735910,1577091
01/02/2017,U,371865,314798,686663
01/07/2017,A,362508,319746,682254
02/07/2017,W,827885,734586,1562471
02/26/2017,U,350829,287405,638234
02/11/2017,A,497589,405211,902800
03/30/2017,W,756598,718864,1475462
03/02/2017,W,842926,741459,1584385
03/01/2017,W,863043,742729,1605772
02/06/2017,W,838312,713858,1552170
01/16/2017,W,486791,435039,921830
01/28/2017,A,439479,382131,821610
02/19/2017,U,383581,328391,711972
03/27/2017,W,825472,724012,1549484
03/03/2017,W,851128,729461,1580589
03/05/2017,U,364977,298189,663166
01/12/2017,W,777149,714212,1491361
03/31/2017,W,839312,737168,1576480
02/22/2017,W,873309,758299,1631608
01/27/2017,W,792183,715515,1507698
01/26/2017,W,823395,750472,1573867
01/24/2017,W,834979,742724,1577703
02/09/2017,W,815353,726872,1542225
04/04/2017,W,873844,763221,1637065
05/18/2017,W,824327,775776,1600103
04/20/2017,W,797055,758119,1555174
04/08/2017,A,508239,452426,960665
05/02/2017,W,846717,762139,1608856
05/16/2017,W,843103,768941,1612044
04/17/2017,W,809433,738426,1547859
04/03/2017,W,840610,743301,1583911
04/27/2017,W,807318,748983,1556301
05/10/2017,W,821006,736258,1557264
04/07/2017,W,765361,741568,1506929
05/08/2017,W,829268,722987,1552255
05/04/2017,W,836436,770199,1606635
05/31/2017,W,827890,745189,1573079
05/01/2017,W,847371,747837,1595208
05/03/2017,W,890581,778089,1668670
04/15/2017,A,506929,453975,960904
05/22/2017,W,817334,744257,1561591
04/02/2017,U,357643,319046,676689
05/23/2017,W,799986,753184,1553170
04/29/2017,A,405068,364346,769414
05/29/2017,U,375171,336441,711612
04/11/2017,W,736309,720080,1456389
05/17/2017,W,835226,763055,1598281
05/27/2017,A,492255,462129,954384
05/05/2017,W,840819,771492,1612311
04/19/2017,W,811178,757251,1568429
05/12/2017,W,824305,745485,1569790
05/14/2017,U,364734,313469,678203
05/15/2017,W,805190,709882,1515072
04/10/2017,W,695555,708408,1403963
04/23/2017,U,373492,330832,704324
05/26/2017,W,779960,691687,1471647
05/19/2017,W,768158,726694,1494852
05/09/2017,W,827183,738712,1565895
04/16/2017,U,339738,293545,633283
04/18/2017,W,848195,772115,1620310
05/13/2017,A,504045,427964,932009
04/09/2017,U,388435,336277,724712
04/12/2017,W,754940,757854,1512794
05/20/2017,A,441093,396705,837798
04/06/2017,W,822266,771468,1593734
04/01/2017,A,517493,433603,951096
04/14/2017,W,692506,676016,1368522
04/13/2017,W,723724,745720,1469444
05/21/2017,U,366609,350024,716633
05/24/2017,W,820511,762453,1582964
04/22/2017,A,493687,467485,961172
05/25/2017,W,829938,776776,1606714
04/05/2017,W,755345,732462,1487807
05/28/2017,U,366179,344784,710963
05/07/2017,U,370985,334930,705915
05/06/2017,A,502922,460695,963617
04/21/2017,W,819393,753932,1573325
04/30/2017,U,307608,269345,576953
04/25/2017,W,860569,761180,1621749
04/26/2017,W,838762,757859,1596621
05/30/2017,W,802596,722529,1525125
05/11/2017,W,832163,755558,1587721
04/24/2017,W,830257,736639,1566896
04/28/2017,W,830500,740579,1571079
06/04/2017,U,400326,384010,784336
06/26/2017,W,738507,722154,1460661
06/03/2017,A,523471,495282,1018753
07/11/2017,W,771348,735051,1506399
07/24/2017,W,744976,765597,1510573
07/23/2017,U,380247,372309,752556
06/25/2017,U,390267,513970,904237
06/06/2017,W,845564,787009,1632573
06/18/2017,U,390193,338474,728667
06/09/2017,W,833135,822483,1655618
06/07/2017,W,846730,793617,1640347
07/28/2017,W,754679,738168,1492847
06/27/2017,W,763875,751340,1515215
07/05/2017,W,746019,733914,1479933
07/17/2017,W,754669,741094,1495763
06/28/2017,W,722682,733693,1456375
06/29/2017,W,747180,778070,1525250
06/20/2017,W,801344,781004,1582348
06/23/2017,W,729483,747333,1476816
07/14/2017,W,748691,762728,1511419
07/30/2017,U,385002,349892,734894
06/14/2017,W,786388,742346,1528734
06/01/2017,W,860327,771134,1631461
07/27/2017,W,770692,770016,1540708
06/22/2017,W,733128,745336,1478464
07/25/2017,W,765040,772350,1537390
07/07/2017,W,749664,780389,1530053
06/12/2017,W,808630,753763,1562393
07/18/2017,W,776582,754149,1530731
06/16/2017,W,785270,739069,1524339
06/19/2017,W,755955,739609,1495564
07/06/2017,W,755516,784948,1540464
06/11/2017,U,406991,440096,847087
07/15/2017,A,511540,495618,1007158
06/15/2017,W,830091,777758,1607849
07/04/2017,U,407991,389791,797782
06/05/2017,W,838839,768461,1607300
06/10/2017,A,525084,558726,1083810
07/21/2017,W,733117,762529,1495646
06/21/2017,W,758596,776244,1534840
07/16/2017,U,371692,374578,746270
07/08/2017,A,517165,518674,1035839
07/29/2017,A,496951,462430,959381
07/12/2017,W,694204,702581,1396785
07/10/2017,W,719494,695215,1414709
06/08/2017,W,821372,805398,1626770
07/26/2017,W,769890,755604,1525494
07/31/2017,W,732690,707434,1440124
06/02/2017,W,861203,796256,1657459
07/19/2017,W,769368,750889,1520257
06/17/2017,A,486358,419764,906122
07/22/2017,A,485978,471542,957520
06/13/2017,W,817478,764155,1581633
07/01/2017,A,514092,488429,1002521
07/13/2017,W,773047,751562,1524609
06/30/2017,W,763402,760380,1523782
06/24/2017,A,504647,482168,986815
07/02/2017,U,398108,364979,763087
07/03/2017,W,669915,543712,1213627
07/20/2017,W,716096,726632,1442728
07/09/2017,U,400539,402561,803100
09/19/2017,W,861844,786075,1647919
09/06/2017,W,854979,785896,1640875
10/23/2017,W,802893,750619,1553512
10/16/2017,W,867372,776457,1643829
08/24/2017,W,749315,748046,1497361
10/09/2017,W,712539,752125,1464664
08/04/2017,W,732776,827248,1560024
09/04/2017,U,375104,326524,701628
09/09/2017,A,511569,488232,999801
08/21/2017,W,707640,675484,1383124
08/05/2017,A,503623,546783,1050406
09/12/2017,W,883298,813900,1697198
09/15/2017,W,871656,838001,1709657
09/11/2017,W,861907,767744,1629651
09/18/2017,W,866120,772443,1638563
08/08/2017,W,761850,735234,1497084
08/29/2017,W,783337,763274,1546611
08/30/2017,W,801205,779477,1580682
08/27/2017,U,358840,336109,694949
10/07/2017,A,484231,469808,954039
10/17/2017,W,882601,819635,1702236
10/22/2017,U,344543,320608,665151
10/08/2017,U,374005,539097,913102
10/25/2017,W,876000,794572,1670572
08/12/2017,A,505271,477767,983038
10/29/2017,U,355321,320982,676303
10/13/2017,W,879791,796714,1676505
08/23/2017,W,763384,719511,1482895
09/14/2017,W,874356,838725,1713081
10/27/2017,W,833348,769792,1603140
10/06/2017,W,841999,805746,1647745
10/04/2017,W,889343,798360,1687703
09/29/2017,W,898739,811721,1710460
08/06/2017,U,376669,430711,807380
10/20/2017,W,862656,796878,1659534
09/02/2017,A,512150,481961,994111
08/10/2017,W,747519,745430,1492949
09/22/2017,W,854042,781053,1635095
08/26/2017,A,487453,446049,933502
08/17/2017,W,722939,751673,1474612
08/01/2017,W,789859,773470,1563329
08/02/2017,W,771256,811636,1582892
10/19/2017,W,876423,848003,1724426
09/25/2017,W,861042,767660,1628702
10/02/2017,W,877992,767540,1645532
10/31/2017,W,843988,758455,1602443
08/14/2017,W,722238,716772,1439010
10/24/2017,W,812947,769526,1582473
10/30/2017,W,837676,753860,1591536
10/12/2017,W,870996,810442,1681438
10/14/2017,A,376288,368266,744554
08/03/2017,W,763271,834427,1597698
09/24/2017,U,378420,351102,729522
09/05/2017,W,893214,763159,1656373
10/10/2017,W,874192,822023,1696215
09/23/2017,A,499368,464903,964271
08/15/2017,W,774523,700422,1474945
08/22/2017,W,741370,697126,1438496
10/28/2017,A,472503,422323,894826
08/20/2017,U,395932,381042,776974
10/26/2017,W,872176,805362,1677538
08/11/2017,W,746418,756699,1503117
09/20/2017,W,887017,795055,1682072
08/16/2017,W,739357,734845,1474202
08/18/2017,W,741688,751342,1493030
08/31/2017,W,791635,785637,1577272
10/05/2017,W,889166,816694,1705860
08/09/2017,W,759657,732813,1492470
09/30/2017,A,524516,482974,1007490
10/01/2017,U,389470,361156,750626
08/07/2017,W,733495,704247,1437742
09/03/2017,U,417707,410951,828658
09/26/2017,W,877350,791462,1668812
09/07/2017,W,867162,801972,1669134
10/18/2017,W,888806,831089,1719895
08/19/2017,A,510200,488523,998723
09/27/2017,W,882592,796822,1679414
09/21/2017,W,859255,788217,1647472
09/17/2017,U,386719,379480,766199
10/21/2017,A,520339,481334,1001673
08/13/2017,U,384338,351048,735386
10/15/2017,U,362392,335609,698001
09/10/2017,U,383625,375160,758785
09/16/2017,A,517447,521275,1038722
08/25/2017,W,749192,741123,1490315
09/13/2017,W,876445,813293,1689738
10/03/2017,W,921022,794082,1715104
08/28/2017,W,761796,740387,1502183
09/08/2017,W,849319,809597,1658916
09/28/2017,W,881438,809624,1691062
10/11/2017,W,850229,817909,1668138
11/02/2017,W,864434,794788,1659222
11/17/2017,W,836442,779012,1615454
11/12/2017,U,341066,303087,644153
11/29/2017,W,850702,761131,1611833
11/15/2017,W,826138,770507,1596645
11/04/2017,A,450968,393884,844852
11/08/2017,W,875619,796870,1672489
11/14/2017,W,862352,781533,1643885
11/19/2017,U,359562,330196,689758
11/25/2017,A,425522,369396,794918
11/24/2017,W,503847,415069,918916
11/21/2017,W,825182,745801,1570983
11/28/2017,W,847910,753208,1601118
11/10/2017,W,741017,721331,1462348
11/05/2017,U,359176,312232,671408
11/01/2017,W,881053,780670,1661723
11/22/2017,W,677643,620904,1298547
11/03/2017,W,815500,755771,1571271
11/18/2017,A,426814,429256,856070
11/30/2017,W,850783,772769,1623552
11/13/2017,W,846572,758107,1604679
11/06/2017,W,866671,772803,1639474
11/27/2017,W,839274,726945,1566219
11/20/2017,W,840370,747181,1587551
11/16/2017,W,831869,773696,1605565
11/09/2017,W,860819,800535,1661354
11/07/2017,W,871211,785554,1656765
11/26/2017,U,336930,290753,627683
11/23/2017,U,263654,208426,472080
11/11/2017,A,461927,427100,889027
12/09/2017,A,439827,405822,845649
12/07/2017,W,794129,741934,1536063
12/26/2017,W,398823,327742,726565
12/29/2017,W,552051,466865,1018916
12/20/2017,W,798144,683898,1482042
12/13/2017,W,800995,715178,1516173
12/31/2017,U,274143,235949,510092
12/03/2017,U,378519,338558,717077
12/10/2017,U,336156,295505,631661
12/05/2017,W,822703,737397,1560100
12/17/2017,U,351260,296372,647632
12/06/2017,W,829498,742215,1571713
12/16/2017,A,484468,419897,904365
12/08/2017,W,805911,739840,1545751
12/21/2017,W,769444,659956,1429400
12/04/2017,W,855387,739950,1595337
12/19/2017,W,812618,697684,1510302
12/24/2017,U,275937,205801,481738
12/30/2017,A,335207,276381,611588
12/27/2017,W,466856,416016,882872
12/02/2017,A,511676,461699,973375
12/15/2017,W,780679,700482,1481161
12/25/2017,U,164256,118654,282910
12/22/2017,W,727262,586190,1313452
12/11/2017,W,807879,706163,1514042
12/14/2017,W,790977,722667,1513644
12/18/2017,W,784151,675289,1459440
12/12/2017,W,783312,709949,1493261
12/01/2017,W,890982,785058,1676040
12/28/2017,W,509850,456611,966461
12/23/2017,A,438917,324065,762982
03/01/2018,W,807973,724095,1532068
02/04/2018,U,279353,232906,512259
03/19/2018,W,807848,709194,1517042
03/31/2018,A,428294,349132,777426
01/01/2018,U,199845,195520,395365
03/20/2018,W,808168,710058,1518226
03/11/2018,U,339755,286948,626703
02/20/2018,W,786356,718493,1504849
02/21/2018,W,831241,740388,1571629
01/02/2018,W,507648,514174,1021822
01/10/2018,W,783008,695123,1478131
03/08/2018,W,813217,734447,1547664
02/03/2018,A,435554,344309,779863
01/09/2018,W,780104,684704,1464808
01/31/2018,W,815252,729419,1544671
03/13/2018,W,808848,731938,1540786
01/03/2018,W,598578,587740,1186318
01/17/2018,W,787021,713680,1500701
02/06/2018,W,783522,708071,1491593
02/13/2018,W,832686,743502,1576188
03/16/2018,W,808945,738857,1547802
03/10/2018,A,471143,394014,865157
01/19/2018,W,784287,701290,1485577
03/28/2018,W,719691,695373,1415064
02/08/2018,W,782384,727764,1510148
01/20/2018,A,438286,449322,887608
03/18/2018,U,361391,320742,682133
01/06/2018,A,372807,292077,664884
01/22/2018,W,781955,711848,1493803
02/14/2018,W,846174,756475,1602649
03/29/2018,W,692129,686014,1378143
03/24/2018,A,424609,389468,814077
03/27/2018,W,688138,684664,1372802
03/12/2018,W,798061,715220,1513281
03/07/2018,W,829608,731992,1561600
02/11/2018,U,294675,260148,554823
02/24/2018,A,461537,387230,848767
03/02/2018,W,838965,719445,1558410
03/30/2018,W,672341,608535,1280876
03/17/2018,A,471682,607823,1079505
02/27/2018,W,846696,743269,1589965
01/14/2018,U,291206,245376,536582
02/09/2018,W,480347,490054,970401
02/26/2018,W,825842,718649,1544491
02/17/2018,A,438472,383764,822236
01/15/2018,W,463868,419604,883472
02/28/2018,W,837820,736868,1574688
03/09/2018,W,806152,712092,1518244
01/12/2018,W,730031,643915,1373946
01/27/2018,A,455974,384419,840393
03/06/2018,W,818087,723274,1541361
01/04/2018,W,594414,591081,1185495
01/26/2018,W,806770,722671,1529441
02/25/2018,U,347690,292093,639783
02/15/2018,W,819948,746521,1566469
01/13/2018,A,392644,323263,715907
03/05/2018,W,793241,686228,1479469
03/04/2018,U,360783,288394,649177
02/22/2018,W,833819,743449,1577268
02/12/2018,W,771383,692183,1463566
03/22/2018,W,807829,722634,1530463
01/25/2018,W,813348,743858,1557206
01/11/2018,W,774197,695496,1469693
03/15/2018,W,829652,754110,1583762
02/19/2018,W,569983,523621,1093604
01/24/2018,W,808026,732420,1540446
03/26/2018,W,685230,660176,1345406
03/14/2018,W,834401,747391,1581792
02/23/2018,W,820477,720769,1541246
03/03/2018,A,489631,400158,889789
01/08/2018,W,755777,664263,1420040
03/21/2018,W,815911,715243,1531154
01/07/2018,U,284438,226604,511042
01/16/2018,W,779194,710906,1490100
02/10/2018,A,399759,351548,751307
03/23/2018,W,789868,699928,1489796
01/28/2018,U,320779,268995,589774
02/16/2018,W,803410,725091,1528501
01/30/2018,W,801986,723334,1525320
02/01/2018,W,824632,724399,1549031
02/02/2018,W,706351,657689,1364040
02/05/2018,W,734272,675368,1409640
02/07/2018,W,790600,714000,1504600
01/18/2018,W,788150,720369,1508519
01/23/2018,W,795146,733662,1528808
01/05/2018,W,597163,572525,1169688
01/21/2018,U,316648,259818,576466
02/18/2018,U,345438,299983,645421
03/25/2018,U,331496,306710,638206
01/29/2018,W,774310,699889,1474199
04/24/2018,W,826998,743776,1570774
06/22/2018,W,669210,689577,1358787
06/30/2018,A,473766,468103,941869
04/26/2018,W,837802,777534,1615336
04/09/2018,W,773663,708735,1482398
06/10/2018,U,332042,339387,671429
05/11/2018,W,788585,744337,1532922
05/26/2018,A,474011,472471,946482
04/27/2018,W,812960,752386,1565346
04/19/2018,W,774579,749646,1524225
05/30/2018,W,793348,716886,1510234
04/13/2018,W,729175,716600,1445775
05/02/2018,W,834718,752143,1586861
05/06/2018,U,359516,315030,674546
06/17/2018,U,351730,324959,676689
05/22/2018,W,819740,762899,1582639
06/20/2018,W,741682,763084,1504766
04/14/2018,A,417189,374923,792112
04/02/2018,W,782016,688114,1470130
06/02/2018,A,496149,437154,933303
06/29/2018,W,748648,755938,1504586
05/18/2018,W,784606,717590,1502196
06/11/2018,W,781557,724255,1505812
04/10/2018,W,798350,748682,1547032
04/22/2018,U,348195,294515,642710
04/01/2018,U,305848,238356,544204
05/09/2018,W,803570,756378,1559948
05/21/2018,W,709633,669968,1379601
05/10/2018,W,838748,762718,1601466
05/12/2018,A,440554,392468,833022
05/28/2018,U,364119,325534,689653
04/08/2018,U,335409,283411,618820
04/29/2018,U,354456,327855,682311
06/15/2018,W,775628,735211,1510839
04/15/2018,U,300857,258277,559134
05/08/2018,W,841014,781451,1622465
05/31/2018,W,819988,753062,1573050
06/21/2018,W,628563,683599,1312162
06/26/2018,W,714896,717661,1432557
04/25/2018,W,838143,748866,1587009
05/29/2018,W,797433,716137,1513570
05/19/2018,A,461266,408091,869357
06/16/2018,A,472932,441274,914206
06/18/2018,W,742447,722983,1465430
06/23/2018,A,487366,452638,940004
04/23/2018,W,810268,712596,1522864
04/17/2018,W,830925,759128,1590053
05/05/2018,A,506199,443358,949557
05/04/2018,W,830802,736342,1567144
06/14/2018,W,795923,754502,1550425
06/13/2018,W,783799,759987,1543786
06/06/2018,W,820198,778486,1598684
06/07/2018,W,821694,798516,1620210
04/04/2018,W,823619,738079,1561698
06/12/2018,W,807427,750111,1557538
06/08/2018,W,779201,766692,1545893
04/16/2018,W,773294,704714,1478008
04/12/2018,W,836193,775422,1611615
04/06/2018,W,792532,721169,1513701
05/15/2018,W,809607,728488,1538095
04/05/2018,W,817204,753661,1570865
06/24/2018,U,382787,515034,897821
04/21/2018,A,455577,392721,848298
06/04/2018,W,820746,726476,1547222
06/28/2018,W,751395,758891,1510286
05/07/2018,W,821267,742969,1564236
04/03/2018,W,816056,720417,1536473
06/03/2018,U,383320,342776,726096
05/24/2018,W,813320,757935,1571255
05/16/2018,W,824209,733303,1557512
05/27/2018,U,382202,375810,758012
05/14/2018,W,742924,686671,1429595
05/01/2018,W,876677,777780,1654457
05/17/2018,W,807735,743467,1551202
04/18/2018,W,783296,728207,1511503
06/01/2018,W,851045,773824,1624869
04/30/2018,W,817980,746550,1564530
05/20/2018,U,321817,288853,610670
05/23/2018,W,827983,774273,1602256
04/07/2018,A,466492,404650,871142
06/25/2018,W,730834,709948,1440782
05/25/2018,W,797393,730669,1528062
06/27/2018,W,734332,744015,1478347
06/05/2018,W,826465,778366,1604831
05/03/2018,W,840135,744199,1584334
04/11/2018,W,849255,770269,1619524
04/28/2018,A,480130,426851,906981
06/09/2018,A,464236,475218,939454
06/19/2018,W,779092,768531,1547623
05/13/2018,U,335726,306051,641777
04/20/2018,W,812450,735681,1548131
07/01/2018,U,353385,329670,683055
07/02/2018,W,734869,678249,1413118
07/03/2018,W,771705,716848,1488553
07/04/2018,U,384885,366963,751848
07/05/2018,W,652746,615715,1268461
07/06/2018,W,720068,699130,1419198
07/07/2018,A,485369,439367,924736
07/08/2018,U,376335,346489,722824
07/09/2018,W,742452,704612,1447064
07/10/2018,W,766160,742163,1508323
07/11/2018,W,772083,765257,1537340
07/12/2018,W,755211,766466,1521677
07/13/2018,W,753196,784018,1537214
07/14/2018,A,471688,455259,926947
07/15/2018,U,380142,378006,758148
07/16/2018,W,731999,700335,1432334
07/17/2018,W,768143,739651,1507794
07/18/2018,W,770336,745511,1515847
07/19/2018,W,765291,780813,1546104
07/20/2018,W,721413,762815,1484228
07/21/2018,A,469280,483657,952937
07/22/2018,U,339813,357484,697297
07/23/2018,W,742296,746950,1489246
07/24/2018,W,766503,775343,1541846
07/25/2018,W,763505,768014,1531519
07/26/2018,W,758033,781151,1539184
07/27/2018,W,729506,741794,1471300
07/28/2018,A,484064,453186,937250
07/29/2018,U,374591,354824,729415
07/30/2018,W,718899,721661,1440560
07/31/2018,W,733107,729861,1462968
08/01/2018,W,778530,757280,1535810
08/02/2018,W,743458,861954,1605412
08/03/2018,W,765341,831628,1596969
08/04/2018,A,480664,521622,1002286
08/05/2018,U,368543,423810,792353
08/06/2018,W,688147,687412,1375559
08/07/2018,W,710000,702495,1412495
08/08/2018,W,737497,726837,1464334
08/09/2018,W,725134,727089,1452223
08/10/2018,W,728844,757214,1486058
08/11/2018,A,498035,485775,983810
08/12/2018,U,372421,371962,744383
08/13/2018,W,705028,681926,1386954
08/14/2018,W,722447,739143,1461590
08/15/2018,W,710743,720004,1430747
08/16/2018,W,720279,712077,1432356
08/17/2018,W,702584,697625,1400209
08/18/2018,A,493509,469340,962849
08/19/2018,U,380140,357318,737458
08/20/2018,W,668029,672736,1340765
08/21/2018,W,714668,705759,1420427
08/22/2018,W,747818,711067,1458885
08/23/2018,W,751380,748147,1499527
08/24/2018,W,692290,698828,1391118
08/25/2018,A,472537,437488,910025
08/26/2018,U,358918,344736,703654
08/27/2018,W,751100,740835,1491935
08/28/2018,W,751236,764285,1515521
08/29/2018,W,752668,767691,1520359
08/30/2018,W,776906,780357,1557263
08/31/2018,W,773345,726643,1499988
09/01/2018,A,457556,415563,873119
09/02/2018,U,393446,368715,762161
09/03/2018,U,330488,293772,624260
09/04/2018,W,864262,756397,1620659
09/05/2018,W,854763,785143,1639906
09/06/2018,W,819596,786139,1605735
09/07/2018,W,814560,796057,1610617
09/08/2018,A,486855,460892,947747
09/09/2018,U,361946,329445,691391
09/10/2018,W,844530,792245,1636775
09/11/2018,W,861007,818737,1679744
09/12/2018,W,865443,835997,1701440
09/13/2018,W,851071,821484,1672555
09/14/2018,W,841332,833730,1675062
09/15/2018,A,498240,505429,1003669
09/16/2018,U,375988,375547,751535
09/17/2018,W,839178,794968,1634146
09/18/2018,W,846003,796654,1642657
09/19/2018,W,844257,786851,1631108
09/20/2018,W,840571,812664,1653235
09/21/2018,W,829287,806274,1635561
09/22/2018,A,497023,464531,961554
09/23/2018,U,373382,331323,704705
09/24/2018,W,829917,806181,1636098
09/25/2018,W,843206,813982,1657188
09/26/2018,W,868419,838474,1706893
09/27/2018,W,858664,847133,1705797
09/28/2018,W,824823,816264,1641087
09/29/2018,A,492591,500479,993070
09/30/2018,U,365436,362732,728168
10/01/2018,W,878697,808415,1687112
10/02/2018,W,870588,824655,1695243
10/03/2018,W,910415,829500,1739915
10/04/2018,W,875646,845234,1720880
10/05/2018,W,798129,781321,1579450
10/06/2018,A,471199,466775,937974
10/07/2018,U,325617,510071,835688
10/08/2018,W,700116,719617,1419733
10/09/2018,W,882871,813161,1696032
10/10/2018,W,831398,794576,1625974
10/11/2018,W,860410,817569,1677979
10/12/2018,W,824598,776261,1600859
10/13/2018,A,494592,466427,961019
10/14/2018,U,362011,332403,694414
10/15/2018,W,836275,778324,1614599
10/16/2018,W,856815,802082,1658897
10/17/2018,W,866716,807188,1673904
10/18/2018,W,858568,814542,1673110
10/19/2018,W,814805,774539,1589344
10/20/2018,A,464296,439297,903593
10/21/2018,U,353981,332004,685985
10/22/2018,W,841090,769144,1610234
10/23/2018,W,858222,793605,1651827
10/24/2018,W,855770,795929,1651699
10/25/2018,W,846179,802796,1648975
10/26/2018,W,842904,777822,1620726
10/27/2018,A,492859,435508,928367
10/28/2018,U,334541,315184,649725
10/29/2018,W,835732,766123,1601855
10/30/2018,W,851167,785017,1636184
10/31/2018,W,840619,776366,1616985
11/01/2018,W,866316,798312,1664628
11/02/2018,W,785859,754310,1540169
11/03/2018,A,513626,428523,942149
11/04/2018,U,322036,291311,613347
11/05/2018,W,853379,770186,1623565
11/06/2018,W,836999,764653,1601652
11/07/2018,W,841086,783160,1624246
11/08/2018,W,841232,797333,1638565
11/09/2018,W,796310,751427,1547737
11/10/2018,A,465852,385710,851562
11/11/2018,U,344050,304712,648762
11/12/2018,W,652992,652215,1305207
11/13/2018,W,824479,769160,1593639
11/14/2018,W,820013,766177,1586190
11/15/2018,W,768946,764868,1533814
11/16/2018,W,816628,783218,1599846
11/17/2018,A,437661,453688,891349
11/18/2018,U,339408,316014,655422
11/19/2018,W,803920,740162,1544082
11/20/2018,W,807383,741467,1548850
11/21/2018,W,649866,605419,1255285
11/22/2018,U,244365,196549,440914
11/23/2018,W,473453,393241,866694
11/24/2018,A,407870,347967,755837
11/25/2018,U,285466,246992,532458
11/26/2018,W,681371,647084,1328455
11/27/2018,W,788682,742355,1531037
11/28/2018,W,804497,749760,1554257
11/29/2018,W,809744,764611,1574355
11/30/2018,W,840494,760471,1600965
12/01/2018,A,428105,359088,787193
12/02/2018,U,339157,285153,624310
12/03/2018,W,831431,731079,1562510
12/04/2018,W,835143,745696,1580839
12/05/2018,W,816399,736966,1553365
12/06/2018,W,820745,757102,1577847
12/07/2018,W,785144,731440,1516584
12/08/2018,A,456911,399714,856625
12/09/2018,U,346457,291673,638130
12/10/2018,W,794682,706501,1501183
12/11/2018,W,817284,731059,1548343
12/12/2018,W,809305,727070,1536375
12/13/2018,W,804783,738003,1542786
12/14/2018,W,789944,724198,1514142
12/15/2018,A,481485,425132,906617
12/16/2018,U,353013,309297,662310
12/17/2018,W,791252,668008,1459260
12/18/2018,W,794636,701867,1496503
12/19/2018,W,799278,700814,1500092
12/20/2018,W,762587,682043,1444630
12/21/2018,W,727571,633479,1361050
12/22/2018,A,442692,339426,782118
12/23/2018,U,330462,260130,590592
12/24/2018,W,422369,279324,701693
12/25/2018,U,188696,127994,316690
12/26/2018,W,515030,411993,927023
12/27/2018,W,509948,453029,962977
12/28/2018,W,577497,493961,1071458
12/29/2018,A,394088,307105,701193
12/30/2018,U,314550,265310,579860
12/31/2018,W,463165,386058,849223
01/01/2019,U,248879,245852,494731
01/02/2019,W,591006,573542,1164548
01/03/2019,W,664442,627781,1292223
01/04/2019,W,668812,628514,1297326
01/05/2019,A,444434,348257,792691
01/06/2019,U,318623,260556,579179
01/07/2019,W,723023,662470,1385493
01/08/2019,W,784085,701693,1485778
01/09/2019,W,747949,685444,1433393
01/10/2019,W,747850,690162,1438012
01/11/2019,W,763718,679115,1442833
01/12/2019,A,382464,325219,707683
01/13/2019,U,301855,250222,552077
01/14/2019,W,756590,705571,1462161
01/15/2019,W,783113,720095,1503208
01/16/2019,W,800537,728048,1528585
01/17/2019,W,800348,734929,1535277
01/18/2019,W,776640,700006,1476646
01/19/2019,A,337080,312424,649504
01/20/2019,U,271961,236744,508705
01/21/2019,W,445534,401503,847037
01/22/2019,W,757962,712125,1470087
01/23/2019,W,764136,718899,1483035
01/24/2019,W,745872,711300,1457172
01/25/2019,W,568100,590674,1158774
01/26/2019,A,343625,296063,639688
01/27/2019,U,258884,221081,479965
01/28/2019,W,668192,678810,1347002
01/29/2019,W,581664,579917,1161581
01/30/2019,W,124154,97917,222071
01/31/2019,W,282336,243912,526248
02/01/2019,W,683059,648091,1331150
02/02/2019,A,435441,345650,781091
02/03/2019,U,322488,250724,573212
02/04/2019,W,808055,718764,1526819
02/05/2019,W,808858,734181,1543039
02/06/2019,W,799164,727769,1526933
02/07/2019,W,789342,732351,1521693
02/08/2019,W,710682,655823,1366505
02/09/2019,A,423681,338847,762528
02/10/2019,U,296809,251192,548001
02/11/2019,W,779386,704667,1484053
02/12/2019,W,741083,698387,1439470
02/13/2019,W,795205,728764,1523969
02/14/2019,W,824482,746611,1571093
02/15/2019,W,754152,687932,1442084
02/16/2019,A,438454,362613,801067
02/17/2019,U,296482,256817,553299
02/18/2019,W,555501,519409,1074910
02/19/2019,W,812492,725195,1537687
02/20/2019,W,779660,717172,1496832
02/21/2019,W,813056,727504,1540560
02/22/2019,W,798311,702988,1501299
02/23/2019,A,406839,328179,735018
02/24/2019,U,288368,240478,528846
02/25/2019,W,762857,680844,1443701
02/26/2019,W,773049,699462,1472511
02/27/2019,W,797800,711827,1509627
02/28/2019,W,783920,714700,1498620
03/01/2019,W,812238,682969,1495207
03/02/2019,A,454119,349392,803511
03/03/2019,U,313539,252150,565689
03/04/2019,W,699086,635353,1334439
03/05/2019,W,761781,692945,1454726
03/06/2019,W,790908,708876,1499784
03/07/2019,W,790299,711428,1501727
03/08/2019,W,781577,684186,1465763
03/09/2019,A,409779,326686,736465
03/10/2019,U,310427,250702,561129
03/11/2019,W,784354,697758,1482112
03/12/2019,W,816229,729476,1545705
03/13/2019,W,785256,727150,1512406
03/14/2019,W,777417,726502,1503919
03/15/2019,W,769660,716230,1485890
03/16/2019,A,468181,570703,1038884
03/17/2019,U,337661,301294,638955
03/18/2019,W,786322,711535,1497857
03/19/2019,W,812217,727732,1539949
03/20/2019,W,782960,712714,1495674
03/21/2019,W,795501,719946,1515447
03/22/2019,W,784281,695716,1479997
03/23/2019,A,472376,386972,859348
03/24/2019,U,312958,279989,592947
03/25/2019,W,761448,666862,1428310
03/26/2019,W,794453,688849,1483302
03/27/2019,W,802407,693509,1495916
03/28/2019,W,782670,692421,1475091
03/29/2019,W,764086,667916,1432002
03/30/2019,A,428233,346980,775213
03/31/2019,U,324724,264228,588952
04/01/2019,W,825150,707874,1533024
04/02/2019,W,815370,727263,1542633
04/03/2019,W,846418,744443,1590861
04/04/2019,W,791393,735719,1527112
04/05/2019,W,754962,710414,1465376
04/06/2019,A,487323,414140,901463
04/07/2019,U,331229,276992,608221
04/08/2019,W,823032,754465,1577497
04/09/2019,W,791556,747311,1538867
04/10/2019,W,760548,731858,1492406
04/11/2019,W,771911,746596,1518507
04/12/2019,W,795077,731825,1526902
04/13/2019,A,473087,417501,890588
04/14/2019,U,240601,215007,455608
04/15/2019,W,694149,679904,1374053
04/16/2019,W,725056,709023,1434079
04/17/2019,W,710771,699083,1409854
04/18/2019,W,654819,675919,1330738
04/19/2019,W,643329,619953,1263282
04/20/2019,A,462233,372841,835074
04/21/2019,U,330270,276935,607205
04/22/2019,W,767623,692515,1460138
04/23/2019,W,806358,747351,1553709
04/24/2019,W,813407,759394,1572801
04/25/2019,W,820219,770006,1590225
04/26/2019,W,806103,731398,1537501
04/27/2019,A,369056,319488,688544
04/28/2019,U,338518,289270,627788
04/29/2019,W,729815,673476,1403291
04/30/2019,W,757497,707685,1465182
05/01/2019,W,841583,729104,1570687
05/02/2019,W,787163,728705,1515868
05/03/2019,W,834369,750517,1584886
05/04/2019,A,495436,437434,932870
05/05/2019,U,402463,338727,741190
05/06/2019,W,803622,724230,1527852
05/07/2019,W,805130,738981,1544111
05/08/2019,W,822516,755171,1577687
05/09/2019,W,810976,751965,1562941
05/10/2019,W,816268,749306,1565574
05/11/2019,A,456362,407442,863804
05/12/2019,U,336476,298999,635475
05/13/2019,W,783657,704326,1487983
05/14/2019,W,808863,722423,1531286
05/15/2019,W,810290,724761,1535051
05/16/2019,W,768250,714282,1482532
05/17/2019,W,758399,691390,1449789
05/18/2019,A,448115,388373,836488
05/19/2019,U,332006,295929,627935
05/20/2019,W,781061,721397,1502458
05/21/2019,W,777647,723782,1501429
05/22/2019,W,811376,756639,1568015
05/23/2019,W,801697,766717,1568414
05/24/2019,W,749827,681443,1431270
05/25/2019,A,483109,426932,910041
05/26/2019,U,349368,335435,684803
05/27/2019,U,298987,256757,555744
05/28/2019,W,769069,694292,1463361
05/29/2019,W,791059,717681,1508740
05/30/2019,W,792091,735508,1527599
05/31/2019,W,817633,738322,1555955
06/01/2019,A,473204,379044,852248
06/02/2019,U,370049,319334,689383
06/03/2019,W,814607,731571,1546178
06/04/2019,W,797511,749759,1547270
06/05/2019,W,817943,764911,1582854
06/06/2019,W,819351,773638,1592989
06/07/2019,W,797917,760907,1558824
06/08/2019,A,517706,469189,986895
06/09/2019,U,372952,329388,702340
06/10/2019,W,787528,717811,1505339
06/11/2019,W,812806,748133,1560939
06/12/2019,W,768907,722333,1491240
06/13/2019,W,784003,758006,1542009
06/14/2019,W,786956,769162,1556118
06/15/2019,A,447116,419997,867113
06/16/2019,U,347416,319752,667168
06/17/2019,W,739714,684609,1424323
06/18/2019,W,783381,747919,1531300
06/19/2019,W,762852,735207,1498059
06/20/2019,W,754094,755009,1509103
06/21/2019,W,741691,748258,1489949
06/22/2019,A,485555,468890,954445
06/23/2019,U,372216,314345,686561
06/24/2019,W,713826,694599,1408425
06/25/2019,W,790945,756023,1546968
06/26/2019,W,778502,758880,1537382
06/27/2019,W,763256,757999,1521255
06/28/2019,W,742317,717591,1459908
06/29/2019,A,507082,438017,945099
06/30/2019,U,342891,473462,816353
07/01/2019,W,751938,691817,1443755
07/02/2019,W,732483,698347,1430830
07/03/2019,W,761825,694945,1456770
07/04/2019,U,386135,354474,740609
07/05/2019,W,593204,492198,1085402
07/06/2019,A,464539,390851,855390
07/07/2019,U,365003,328344,693347
07/08/2019,W,738529,696647,1435176
07/09/2019,W,760765,733255,1494020
07/10/2019,W,750223,735504,1485727
07/11/2019,W,761712,767177,1528889
07/12/2019,W,738700,777202,1515902
07/13/2019,A,496000,471671,967671
07/14/2019,U,386786,362994,749780
07/15/2019,W,733408,723684,1457092
07/16/2019,W,736299,746731,1483030
07/17/2019,W,751727,751160,1502887
07/18/2019,W,681127,699545,1380672
07/19/2019,W,700392,721558,1421950
07/20/2019,A,466646,419897,886543
07/21/2019,U,360488,342739,703227
07/22/2019,W,733191,716299,1449490
07/23/2019,W,754783,731712,1486495
07/24/2019,W,754694,737880,1492574
07/25/2019,W,746240,746890,1493130
07/26/2019,W,728460,713766,1442226
07/27/2019,A,509542,417935,927477
07/28/2019,U,399059,314226,713285
07/29/2019,W,677033,663313,1340346
07/30/2019,W,744356,721545,1465901
07/31/2019,W,738630,739592,1478222
08/01/2019,W,763703,795333,1559036
08/02/2019,W,740366,804952,1545318
08/03/2019,A,497883,512548,1010431
08/04/2019,U,375863,416740,792603
08/05/2019,W,727517,724021,1451538
08/06/2019,W,737702,738151,1475853
08/07/2019,W,745371,746207,1491578
08/08/2019,W,746213,735310,1481523
08/09/2019,W,720081,716084,1436165
08/10/2019,A,490001,428555,918556
08/11/2019,U,376464,321310,697774
08/12/2019,W,672626,659442,1332068
08/13/2019,W,715539,697693,1413232
08/14/2019,W,708180,698339,1406519
08/15/2019,W,723069,703513,1426582
08/16/2019,W,699501,675393,1374894
08/17/2019,A,456968,396155,853123
08/18/2019,U,330848,289890,620738
08/19/2019,W,697759,669727,1367486
08/20/2019,W,670195,689224,1359419
08/21/2019,W,732929,724089,1457018
08/22/2019,W,739175,741995,1481170
08/23/2019,W,720876,723775,1444651
08/24/2019,A,499355,424284,923639
08/25/2019,U,395847,327749,723596
08/26/2019,W,693566,678343,1371909
08/27/2019,W,776670,740341,1517011
08/28/2019,W,772893,736506,1509399
08/29/2019,W,769645,747141,1516786
08/30/2019,W,761440,717490,1478930
08/31/2019,A,482463,428658,911121
01/01/2020,U,267300,255759,523059
01/02/2020,W,651421,565139,1216560
01/03/2020,W,688165,578202,1266367
01/04/2020,A,409243,306656,715899
01/05/2020,U,314424,234155,548579
01/06/2020,W,750349,659521,1409870
01/07/2020,W,775765,677497,1453262
01/08/2020,W,744261,665227,1409488
01/09/2020,W,758063,679244,1437307
01/10/2020,W,753866,654344,1408210
01/11/2020,A,345787,281493,627280
01/12/2020,U,294457,237736,532193
01/13/2020,W,775861,699927,1475788
01/14/2020,W,807239,720277,1527516
01/15/2020,W,794821,720057,1514878
01/16/2020,W,774375,715978,1490353
01/17/2020,W,737073,687789,1424862
01/18/2020,A,371460,319878,691338
01/19/2020,U,256029,219005,475034
01/20/2020,W,477995,410324,888319
01/21/2020,W,789718,712386,1502104
01/22/2020,W,794213,715399,1509612
01/23/2020,W,768601,717469,1486070
01/24/2020,W,745526,677320,1422846
01/25/2020,A,408051,320905,728956
01/26/2020,U,318824,241153,559977
01/27/2020,W,790014,697371,1487385
01/28/2020,W,802484,715500,1517984
01/29/2020,W,793740,711177,1504917
01/30/2020,W,787640,718793,1506433
01/31/2020,W,735622,665472,1401094
02/01/2020,A,449112,325925,775037
02/02/2020,U,352056,253149,605205
02/03/2020,W,816538,689308,1505846
02/04/2020,W,806946,710072,1517018
02/05/2020,W,802795,707772,1510567
02/06/2020,W,761859,701795,1463654
02/07/2020,W,778480,676805,1455285
02/08/2020,A,456540,325289,781829
02/09/2020,U,310705,223411,534116
02/10/2020,W,799851,694168,1494019
02/11/2020,W,819275,717350,1536625
02/12/2020,W,785838,697300,1483138
02/13/2020,W,746798,689019,1435817
02/14/2020,W,674960,628729,1303689
02/15/2020,A,408435,326795,735230
02/16/2020,U,338343,267790,606133
02/17/2020,W,567523,502927,1070450
02/18/2020,W,815098,711305,1526403
02/19/2020,W,804097,707598,1511695
02/20/2020,W,778698,700575,1479273
02/21/2020,W,782853,675973,1458826
02/22/2020,A,463771,344117,807888
02/23/2020,U,357784,260505,618289
02/24/2020,W,789498,682036,1471534
02/25/2020,W,781725,693749,1475474
02/26/2020,W,756936,682501,1439437
02/27/2020,W,778992,698886,1477878
02/28/2020,W,786008,665937,1451945
02/29/2020,A,458601,337983,796584
03/01/2020,U,357257,267438,624695
03/02/2020,W,785700,666046,1451746
03/03/2020,W,834640,701777,1536417
03/04/2020,W,815420,699192,1514612
03/05/2020,W,803260,698732,1501992
03/06/2020,W,767084,655010,1422094
03/07/2020,A,455672,366530,822202
03/08/2020,U,343291,269577,612868
03/09/2020,W,736013,647602,1383615
03/10/2020,W,787025,678996,1466021
03/11/2020,W,767610,660739,1428349
03/12/2020,W,737628,601682,1339310
03/13/2020,W,674594,496474,1171068
09/01/2019,U,379610,357032,736642
09/02/2019,U,374967,328376,703343
09/03/2019,W,821674,738399,1560073
09/04/2019,W,861286,762868,1624154
09/05/2019,W,853186,800432,1653618
09/06/2019,W,821645,744323,1565968
09/07/2019,A,486423,420502,906925
09/08/2019,U,344385,310823,655208
09/09/2019,W,829266,737160,1566426
09/10/2019,W,856513,769458,1625971
09/11/2019,W,848169,777407,1625576
09/12/2019,W,845028,795224,1640252
09/13/2019,W,822197,800812,1623009
09/14/2019,A,498571,487396,985967
09/15/2019,U,353264,352467,705731
09/16/2019,W,825739,777685,1603424
09/17/2019,W,856186,797063,1653249
09/18/2019,W,859904,807081,1666985
09/19/2019,W,845624,816086,1661710
09/20/2019,W,830757,803291,1634048
09/21/2019,A,489155,440464,929619
09/22/2019,U,338418,299658,638076
09/23/2019,W,832762,766712,1599474
09/24/2019,W,850825,780378,1631203
09/25/2019,W,859089,781453,1640542
09/26/2019,W,853333,791418,1644751
09/27/2019,W,734962,699996,1434958
09/28/2019,A,476234,401745,877979
09/29/2019,U,358174,294350,652524
09/30/2019,W,850333,738159,1588492
10/01/2019,W,905477,772082,1677559
10/02/2019,W,844694,765652,1610346
10/03/2019,W,885919,781701,1667620
10/04/2019,W,851906,740946,1592852
10/05/2019,A,492689,388710,881399
10/06/2019,U,403747,306647,710394
10/07/2019,W,845146,748413,1593559
10/08/2019,W,868009,773805,1641814
10/09/2019,W,857532,766121,1623653
10/10/2019,W,855556,803767,1659323
10/11/2019,W,776609,762011,1538620
10/12/2019,A,480048,470284,950332
10/13/2019,U,319885,522816,842701
10/14/2019,W,666607,698402,1365009
10/15/2019,W,844826,788101,1632927
10/16/2019,W,845543,782133,1627676
10/17/2019,W,787285,790202,1577487
10/18/2019,W,762811,778466,1541277
10/19/2019,A,499700,467794,967494
10/20/2019,U,377822,340156,717978
10/21/2019,W,739027,727743,1466770
10/22/2019,W,772142,750644,1522786
10/23/2019,W,789783,791468,1581251
10/24/2019,W,790853,766559,1557412
10/25/2019,W,757907,729221,1487128
10/26/2019,A,412819,356371,769190
10/27/2019,U,390090,314740,704830
10/28/2019,W,762580,729809,1492389
10/29/2019,W,781400,752054,1533454
10/30/2019,W,733054,721966,1455020
10/31/2019,W,698934,693962,1392896
11/01/2019,W,798542,719267,1517809
11/02/2019,A,467877,381954,849831
11/03/2019,U,356367,310621,666988
11/04/2019,W,848867,749735,1598602
11/05/2019,W,855055,769233,1624288
11/06/2019,W,840399,762015,1602414
11/07/2019,W,821063,768460,1589523
11/08/2019,W,718820,702518,1421338
11/09/2019,A,479816,386355,866171
11/10/2019,U,353042,292170,645212
11/11/2019,W,590714,604475,1195189
11/12/2019,W,756604,724448,1481052
11/13/2019,W,762247,729140,1491387
11/14/2019,W,764328,745044,1509372
11/15/2019,W,794430,732607,1527037
11/16/2019,A,467987,398924,866911
11/17/2019,U,340985,280372,621357
11/18/2019,W,807951,731335,1539286
11/19/2019,W,822152,755257,1577409
11/20/2019,W,839934,756096,1596030
11/21/2019,W,790016,752762,1542778
11/22/2019,W,817445,782838,1600283
11/23/2019,A,468337,443394,911731
11/24/2019,U,358133,301849,659982
11/25/2019,W,810928,721624,1532552
11/26/2019,W,791651,707015,1498666
11/27/2019,W,669245,576379,1245624
11/28/2019,U,244233,186732,430965
11/29/2019,W,480801,373012,853813
11/30/2019,A,386439,302733,689172
12/01/2019,U,315646,257317,572963
12/02/2019,W,803894,702424,1506318
12/03/2019,W,849440,732651,1582091
12/04/2019,W,837738,739104,1576842
12/05/2019,W,833516,761399,1594915
12/06/2019,W,799551,729231,1528782
12/07/2019,A,472207,404394,876601
12/08/2019,U,347917,286023,633940
12/09/2019,W,786431,690443,1476874
12/10/2019,W,770888,697269,1468157
12/11/2019,W,753922,692730,1446652
12/12/2019,W,787393,716707,1504100
12/13/2019,W,788504,704438,1492942
12/14/2019,A,471203,367508,838711
12/15/2019,U,348516,255659,604175
12/16/2019,W,743694,648766,1392460
12/17/2019,W,765207,678194,1443401
12/18/2019,W,734493,658439,1392932
12/19/2019,W,745959,664554,1410513
12/20/2019,W,731997,640236,1372233
12/21/2019,A,454167,356991,811158
12/22/2019,U,350959,283094,634053
12/23/2019,W,601685,501524,1103209
12/24/2019,W,462098,310604,772702
12/25/2019,U,200121,133009,333130
12/26/2019,W,517911,402948,920859
12/27/2019,W,552198,445835,998033
12/28/2019,A,394869,298646,693515
12/29/2019,U,315428,251105,566533
12/30/2019,W,544713,480721,1025434
12/31/2019,W,511289,431677,942966
03/14/2020,A,347925,235841,583766
03/15/2020,U,256591,166575,423166
03/16/2020,W,493179,284844,778023
03/17/2020,W,390091,217294,607385
03/18/2020,W,320242,179316,499558
03/19/2020,W,305501,163013,468514
03/20/2020,W,303882,152797,456679
03/21/2020,A,185406,86695,272101
03/22/2020,U,113282,60490,173772
03/23/2020,W,212121,103992,316113
03/24/2020,W,220319,105312,325631
03/25/2020,W,229414,106913,336327
03/26/2020,W,211746,100860,312606
03/27/2020,W,220715,102714,323429
03/28/2020,A,144561,68572,213133
03/29/2020,U,111188,57736,168924
03/30/2020,W,208762,96996,305758
03/31/2020,W,200537,94709,295246
04/01/2020,W,235503,100042,335545
04/02/2020,W,214222,95183,309405
04/03/2020,W,240528,101015,341543
04/04/2020,A,154302,65727,220029
04/05/2020,U,118701,53173,171874
04/06/2020,W,199323,89714,289037
04/07/2020,W,202629,90824,293453
04/08/2020,W,197789,88894,286683
04/09/2020,W,189898,86725,276623
04/10/2020,W,202934,85608,288542
04/11/2020,A,161743,59808,221551
04/12/2020,U,117907,46243,164150
04/13/2020,W,199679,79074,278753
04/14/2020,W,196277,79616,275893
04/15/2020,W,199545,78844,278389
04/16/2020,W,213862,79764,293626
04/17/2020,W,205280,77935,283215
04/18/2020,A,175887,58347,234234
04/19/2020,U,135539,47512,183051
04/20/2020,W,225938,79017,304955
04/21/2020,W,219120,77886,297006
04/22/2020,W,213080,77822,290902
04/23/2020,W,214131,77918,292049
04/24/2020,W,225498,78966,304464
04/25/2020,A,156179,51764,207943
04/26/2020,U,145023,47350,192373
04/27/2020,W,230903,77830,308733
04/28/2020,W,229831,79284,309115
04/29/2020,W,205453,74942,280395
04/30/2020,W,224948,79783,304731
05/01/2020,W,272700,89139,361839
05/02/2020,A,210617,59142,269759
05/03/2020,U,155791,49160,204951
05/04/2020,W,244960,79706,324666
05/05/2020,W,224885,77485,302370
05/06/2020,W,248434,82526,330960
05/07/2020,W,247597,83941,331538
05/08/2020,W,242402,82107,324509
05/09/2020,A,206907,59372,266279
05/10/2020,U,134047,43773,177820
05/11/2020,W,236521,77650,314171
05/12/2020,W,244938,81217,326155
05/13/2020,W,259169,83529,342698
05/14/2020,W,211894,76152,288046
05/15/2020,W,261148,82454,343602
05/16/2020,A,204433,60144,264577
05/17/2020,U,119698,40451,160149
05/18/2020,W,242568,80822,323390
05/19/2020,W,228412,79752,308164
05/20/2020,W,253916,85596,339512
05/21/2020,W,244336,85164,329500
05/22/2020,W,255894,86436,342330
05/23/2020,A,198708,59164,257872
05/24/2020,U,171095,53281,224376
05/25/2020,U,170039,52921,222960
05/26/2020,W,260758,84940,345698
05/27/2020,W,258713,86518,345231
05/28/2020,W,250675,86579,337254
05/29/2020,W,265087,92565,357652
05/30/2020,A,210004,69848,279852
05/31/2020,U,86503,23544,110047
06/01/2020,W,146931,27517,174448
06/02/2020,W,154414,31544,185958
06/03/2020,W,207502,68423,275925
06/04/2020,W,236590,83605,320195
06/05/2020,W,252137,90734,342871
06/06/2020,A,184406,69622,254028
06/07/2020,U,143697,53232,196929
06/08/2020,W,263520,100516,364036
06/09/2020,W,245154,98717,343871
06/10/2020,W,258523,101685,360208
06/11/2020,W,282597,110709,393306
06/12/2020,W,276051,113656,389707
06/13/2020,A,206386,81727,288113
06/14/2020,U,165299,66384,231683
06/15/2020,W,294517,111956,406473
06/16/2020,W,301881,114566,416447
06/17/2020,W,306380,117798,424178
06/18/2020,W,305028,119506,424534
06/19/2020,W,303502,125162,428664
06/20/2020,A,221620,81634,303254
06/21/2020,U,165913,70884,236797
06/22/2020,W,260524,114622,375146
06/23/2020,W,299680,131100,430780
06/24/2020,W,286680,133015,419695
06/25/2020,W,304522,139288,443810
06/26/2020,W,275240,130402,405642
06/27/2020,A,233358,106092,339450
06/28/2020,U,171693,86966,258659
06/29/2020,W,279383,133291,412674
06/30/2020,W,298563,140782,439345
07/01/2020,W,327984,148683,476667
07/02/2020,W,320859,149071,469930
07/03/2020,U,272940,127079,400019
07/04/2020,A,188378,94601,282979
07/05/2020,U,166998,84977,251975
07/06/2020,W,301317,143054,444371
07/07/2020,W,300508,147310,447818
07/08/2020,W,301892,149845,451737
07/09/2020,W,301260,149971,451231
07/10/2020,W,312226,155529,467755
07/11/2020,A,233152,112641,345793
07/12/2020,U,174761,90382,265143
07/13/2020,W,309700,149117,458817
07/14/2020,W,312379,152758,465137
07/15/2020,W,295648,147794,443442
07/16/2020,W,306288,154912,461200
07/17/2020,W,315882,161335,477217
07/18/2020,A,219217,109549,328766
07/19/2020,U,148461,80714,229175
07/20/2020,W,307261,149404,456665
07/21/2020,W,297659,148632,446291
07/22/2020,W,306629,152652,459281
07/23/2020,W,315401,156970,472371
07/24/2020,W,318269,161024,479293
07/25/2020,A,228619,116404,345023
07/26/2020,U,163332,90069,253401
07/27/2020,W,295579,144168,439747
07/28/2020,W,314899,153221,468120
07/29/2020,W,305332,152279,457611
07/30/2020,W,307576,156312,463888
07/31/2020,W,338021,164604,502625
08/01/2020,A,235944,117414,353358
08/02/2020,U,169536,89199,258735
08/03/2020,W,324028,152552,476580
08/04/2020,W,326128,157759,483887
08/05/2020,W,319021,157695,476716
08/06/2020,W,320751,159609,480360
08/07/2020,W,326107,164886,490993
08/08/2020,A,232723,118676,351399
08/09/2020,U,175080,93832,268912
08/10/2020,W,250672,96642,347314
08/11/2020,W,309009,138581,447590
08/12/2020,W,313739,146680,460419
08/13/2020,W,313917,150941,464858
08/14/2020,W,315311,155653,470964
08/15/2020,A,215071,107720,322791
08/16/2020,U,172492,89599,262091
08/17/2020,W,304431,147684,452115
08/18/2020,W,313038,155406,468444
08/19/2020,W,317835,158653,476488
08/20/2020,W,317199,160843,478042
08/21/2020,W,322563,165104,487667
08/22/2020,A,229626,119732,349358
08/23/2020,U,167737,93123,260860
08/24/2020,W,295919,152126,448045
08/25/2020,W,306720,156020,462740
08/26/2020,W,311882,158419,470301
08/27/2020,W,307570,159603,467173
08/28/2020,W,313712,163890,477602
08/29/2020,A,228415,120335,348750
08/30/2020,U,172100,96089,268189
08/31/2020,W,312659,156093,468752
09/01/2020,W,320186,157112,477298
09/02/2020,W,335025,167989,503014
09/03/2020,W,347516,172408,519924
09/04/2020,W,339339,176834,516173
09/05/2020,A,239660,134087,373747
09/06/2020,U,161152,98132,259284
09/07/2020,U,189391,104992,294383
09/08/2020,W,288854,151558,440412
09/09/2020,W,318510,162823,481333
09/10/2020,W,320927,167696,488623
09/11/2020,W,323815,172643,496458
09/12/2020,A,213040,118325,331365
09/13/2020,U,183881,104162,288043
09/14/2020,W,314508,159479,473987
09/15/2020,W,323465,166872,490337
09/16/2020,W,323500,171467,494967
09/17/2020,W,322703,171455,494158
09/18/2020,W,329339,179021,508360
09/19/2020,A,240028,135343,375371
09/20/2020,U,175502,101785,277287
09/21/2020,W,312717,160531,473248
09/22/2020,W,324554,166852,491406
09/23/2020,W,326416,169407,495823
09/24/2020,W,321314,169953,491267
09/25/2020,W,338121,180938,519059
09/26/2020,A,239686,136388,376074
09/27/2020,U,176943,102308,279251
09/28/2020,W,299874,158980,458854
09/29/2020,W,323062,167874,490936
09/30/2020,W,320186,169305,489491
10/01/2020,W,336911,173387,510298
10/02/2020,W,349664,182413,532077
10/03/2020,A,241921,133772,375693
10/04/2020,U,179954,100387,280341
10/05/2020,W,326242,164517,490759
10/06/2020,W,332474,168456,500930
10/07/2020,W,333595,171757,505352
10/08/2020,W,334365,174469,508834
10/09/2020,W,335842,183544,519386
10/10/2020,A,248858,137846,386704
10/11/2020,U,181194,103244,284438
10/12/2020,W,271925,145635,417560
10/13/2020,W,334145,170998,505143
10/14/2020,W,334911,172419,507330
10/15/2020,W,323424,172888,496312
10/16/2020,W,324544,178507,503051
10/17/2020,A,231563,134238,365801
10/18/2020,U,150496,92227,242723
10/19/2020,W,300842,158006,458848
10/20/2020,W,310091,163811,473902
10/21/2020,W,321256,167872,489128
10/22/2020,W,318012,168824,486836
10/23/2020,W,288787,166459,455246
10/24/2020,A,239353,132006,371359
10/25/2020,U,160807,94731,255538
10/26/2020,W,294204,155238,449442
10/27/2020,W,299100,158973,458073
10/28/2020,W,318538,165838,484376
10/29/2020,W,304342,165360,469702
10/30/2020,W,334559,172445,507004
10/31/2020,A,224885,120080,344965
11/01/2020,U,149896,85934,235830
11/02/2020,W,301558,154284,455842
11/03/2020,W,317723,149741,467464
11/04/2020,W,306904,151147,458051
11/05/2020,W,311836,158434,470270
11/06/2020,W,318896,167110,486006
11/07/2020,A,226237,126890,353127
11/08/2020,U,166538,94199,260737
11/09/2020,W,308098,157126,465224
11/10/2020,W,298502,153003,451505
11/11/2020,W,286362,147595,433957
11/12/2020,W,305497,158496,463993
11/13/2020,W,305354,159535,464889
11/14/2020,A,206691,104500,311191
11/15/2020,U,136434,75619,212053
11/16/2020,W,282290,140661,422951
11/17/2020,W,279757,140971,420728
11/18/2020,W,285245,143331,428576
11/19/2020,W,292548,148286,440834
11/20/2020,W,297292,149612,446904
11/21/2020,A,206379,100672,307051
11/22/2020,U,146562,74926,221488
11/23/2020,W,283365,138635,422000
11/24/2020,W,264500,135119,399619
11/25/2020,W,267787,131704,399491
11/26/2020,U,119470,56839,176309
11/27/2020,W,221878,106692,328570
11/28/2020,A,198860,97141,296001
11/29/2020,U,145682,76276,221958
11/30/2020,W,255801,130426,386227
12/01/2020,W,290906,138364,429270
12/02/2020,W,289930,137598,427528
12/03/2020,W,301357,142080,443437
12/04/2020,W,297160,144348,441508
12/05/2020,A,206508,100869,307377
12/06/2020,U,144322,74099,218421
12/07/2020,W,272363,133537,405900
12/08/2020,W,277139,137145,414284
12/09/2020,W,293699,143390,437089
12/10/2020,W,297368,144459,441827
12/11/2020,W,277727,138386,416113
12/12/2020,A,181545,92521,274066
12/13/2020,U,150344,78380,228724
12/14/2020,W,269583,135394,404977
12/15/2020,W,273075,137120,410195
12/16/2020,W,269375,138422,407797
12/17/2020,W,273791,139375,413166
12/18/2020,W,284841,144568,429409
12/19/2020,A,201406,101970,303376
12/20/2020,U,157805,80063,237868
12/21/2020,W,280892,137696,418588
12/22/2020,W,289292,140759,430051
12/23/2020,W,283137,138325,421462
12/24/2020,W,201261,92528,293789
12/25/2020,U,80783,40861,121644
12/26/2020,A,170294,81793,252087
12/27/2020,U,139350,72363,211713
12/28/2020,W,259552,125317,384869
12/29/2020,W,253437,128558,381995
12/30/2020,W,244219,126447,370666
12/31/2020,W,254787,114338,369125
01/01/2021,U,114115,62077,176192
01/02/2021,A,186877,91034,277911
01/03/2021,U,140440,72391,212831
01/04/2021,W,282862,132124,414986
01/05/2021,W,281724,134514,416238
01/06/2021,W,278317,136069,414386
01/07/2021,W,270340,135092,405432
01/08/2021,W,272827,137181,410008
01/09/2021,A,205370,101095,306465
01/10/2021,U,145412,71867,217279
01/11/2021,W,262355,129615,391970
01/12/2021,W,277882,136866,414748
01/13/2021,W,282529,140007,422536
01/14/2021,W,275747,137634,413381
01/15/2021,W,277928,139988,417916
01/16/2021,A,193303,96530,289833
01/17/2021,U,143923,72570,216493
01/18/2021,W,227108,113727,340835
01/19/2021,W,270497,137227,407724
01/20/2021,W,257638,131313,388951
01/21/2021,W,287899,144085,431984
01/22/2021,W,264517,138811,403328
01/23/2021,A,190988,96503,287491
01/24/2021,U,141538,71996,213534
01/25/2021,W,265782,135618,401400
01/26/2021,W,233767,127803,361570
01/27/2021,W,262570,138610,401180
01/28/2021,W,265152,140259,405411
01/29/2021,W,285439,148439,433878
01/30/2021,A,192267,102119,294386
01/31/2021,U,119669,75697,195366
02/01/2021,W,285366,145356,430722
02/02/2021,W,288369,146050,434419
02/03/2021,W,315672,152303,467975
02/04/2021,W,278515,147593,426108
02/05/2021,W,250369,139613,389982
02/06/2021,A,161437,89065,250502
02/07/2021,U,110637,64459,175096
02/08/2021,W,242899,128998,371897
02/09/2021,W,260772,137064,397836
02/10/2021,W,267271,141210,408481
02/11/2021,W,269772,146284,416056
02/12/2021,W,280767,149261,430028
02/13/2021,A,186257,106030,292287
02/14/2021,U,121070,73603,194673
02/15/2021,W,196912,118258,315170
02/16/2021,W,206197,114830,321027
02/17/2021,W,278930,149828,428758
02/18/2021,W,283168,155250,438418
02/19/2021,W,287852,156832,444684
02/20/2021,A,192157,112011,304168
02/21/2021,U,146116,81211,227327
02/22/2021,W,280331,146573,426904
02/23/2021,W,308822,157020,465842
02/24/2021,W,307300,156793,464093
02/25/2021,W,300304,157867,458171
02/26/2021,W,309217,164565,473782
02/27/2021,A,232432,127246,359678
02/28/2021,U,158200,87008,245208
03/01/2021,W,309106,149826,458932
03/02/2021,W,308998,156140,465138
03/03/2021,W,333410,163566,496976
03/04/2021,W,309302,159889,469191
03/05/2021,W,317629,167771,485400
03/06/2021,A,228890,124851,353741
03/07/2021,U,173071,95906,268977
03/08/2021,W,317267,159512,476779
03/09/2021,W,327340,164868,492208
03/10/2021,W,312074,161736,473810
03/11/2021,W,318121,165057,483178
03/12/2021,W,323199,172476,495675
03/13/2021,A,247738,148004,395742
03/14/2021,U,163299,97387,260686
03/15/2021,W,265818,144990,410808
03/16/2021,W,300583,158171,458754
03/17/2021,W,310656,165207,475863
03/18/2021,W,293346,160989,454335
03/19/2021,W,330666,178106,508772
03/20/2021,A,246067,141702,387769
03/21/2021,U,187953,111138,299091
03/22/2021,W,319333,164624,483957
03/23/2021,W,303876,159635,463511
03/24/2021,W,320929,168422,489351
03/25/2021,W,316190,168278,484468
03/26/2021,W,321386,175255,496641
03/27/2021,A,235940,137705,373645
03/28/2021,U,171037,101679,272716
03/29/2021,W,316586,165113,481699
03/30/2021,W,324218,170588,494806
03/31/2021,W,313521,168955,482476
04/01/2021,W,330414,178267,508681
04/02/2021,W,329144,180602,509746
04/03/2021,A,258780,150786,409566
04/04/2021,U,178580,105039,283619
04/05/2021,W,313426,166404,479830
04/06/2021,W,338664,181795,520459
04/07/2021,W,340512,181069,521581
04/08/2021,W,302569,171140,473709
04/09/2021,W,330542,186985,517527
04/10/2021,A,212976,129831,342807
04/11/2021,U,177686,105758,283444
04/12/2021,W,326192,170290,496482
04/13/2021,W,335197,179135,514332
04/14/2021,W,320689,173838,494527
04/15/2021,W,321850,179206,501056
04/16/2021,W,334144,199086,533230
04/17/2021,A,237265,155208,392473
04/18/2021,U,177249,112596,289845
04/19/2021,W,307407,165608,473015
04/20/2021,W,310048,170031,480079
04/21/2021,W,313705,173325,487030
04/22/2021,W,336610,187886,524496
04/23/2021,W,341811,203880,545691
04/24/2021,A,234939,149135,384074
04/25/2021,U,175558,113050,288608
04/26/2021,W,337128,176283,513411
04/27/2021,W,352388,193712,546100
04/28/2021,W,303689,172569,476258
04/29/2021,W,327089,184416,511505
04/30/2021,W,358329,207166,565495
05/01/2021,A,266141,170503,436644
05/02/2021,U,195776,126355,322131
05/03/2021,W,334667,174120,508787
05/04/2021,W,330540,183621,514161
05/05/2021,W,346837,193605,540442
05/06/2021,W,322453,187545,509998
05/07/2021,W,351011,212194,563205
05/08/2021,A,255252,161702,416954
05/09/2021,U,158199,108981,267180
05/10/2021,W,317899,175820,493719
05/11/2021,W,338523,189589,528112
05/12/2021,W,337223,193841,531064
05/13/2021,W,347914,205589,553503
05/14/2021,W,353950,222830,576780
05/15/2021,A,234951,166559,401510
05/16/2021,U,195939,137410,333349
05/17/2021,W,333150,190203,523353
05/18/2021,W,338267,195305,533572
05/19/2021,W,331674,198718,530392
05/20/2021,W,350455,215181,565636
05/21/2021,W,353721,226276,579997
05/22/2021,A,265066,188124,453190
05/23/2021,U,184730,129720,314450
05/24/2021,W,338290,196524,534814
05/25/2021,W,345371,205679,551050
05/26/2021,W,349319,208470,557789
05/27/2021,W,334991,208682,543673
05/28/2021,W,313635,217115,530750
05/29/2021,A,266944,208819,475763
05/30/2021,U,209937,177745,387682
05/31/2021,U,194901,147880,342781
06/01/2021,W,349451,221402,570853
06/02/2021,W,356620,222827,579447
06/03/2021,W,382161,231398,613559
06/04/2021,W,374475,244454,618929
06/05/2021,A,278036,199123,477159
06/06/2021,U,204309,148509,352818
06/07/2021,W,343982,202767,546749
06/08/2021,W,366854,222841,589695
06/09/2021,W,367755,231622,599377
06/10/2021,W,374697,246542,621239
06/11/2021,W,375533,271425,646958
06/12/2021,A,265224,224185,489409
06/13/2021,U,219260,184714,403974
06/14/2021,W,362267,227377,589644
06/15/2021,W,372531,238872,611403
06/16/2021,W,374362,242785,617147
06/17/2021,W,372186,247900,620086
06/18/2021,W,362823,272803,635626
06/19/2021,A,276925,238075,515000
06/20/2021,U,194025,158875,352900
06/21/2021,W,349781,237699,587480
06/22/2021,W,376511,256084,632595
06/23/2021,W,362682,239858,602540
06/24/2021,W,345186,240440,585626
06/25/2021,W,343853,251904,595757
06/26/2021,A,232678,190791,423469
06/27/2021,U,219887,176898,396785
06/28/2021,W,337566,218776,556342
06/29/2021,W,346254,229881,576135
06/30/2021,W,356837,237763,594600
07/01/2021,W,397781,257789,655570
07/02/2021,W,389185,254956,644141
07/03/2021,A,292341,215230,507571
07/04/2021,U,214496,167760,382256
07/05/2021,U,237811,178415,416226
07/06/2021,W,378230,255296,633526
07/07/2021,W,371601,261796,633397
07/08/2021,W,375578,276819,652397
07/09/2021,W,389894,302893,692787
07/10/2021,A,275612,238903,514515
07/11/2021,U,189913,165360,355273
07/12/2021,W,363268,237710,600978
07/13/2021,W,375230,250575,625805
07/14/2021,W,396163,262113,658276
07/15/2021,W,374072,261351,635423
07/16/2021,W,379552,280527,660079
07/17/2021,A,296714,245066,541780
07/18/2021,U,226558,191007,417565
07/19/2021,W,377772,248181,625953
07/20/2021,W,390578,264471,655049
07/21/2021,W,392548,274123,666671
07/22/2021,W,390531,275892,666423
07/23/2021,W,386289,298869,685158
07/24/2021,A,280927,250014,530941
07/25/2021,U,221645,198799,420444
07/26/2021,W,373206,260296,633502
07/27/2021,W,387327,279049,666376
07/28/2021,W,390425,298392,688817
07/29/2021,W,394751,362106,756857
07/30/2021,W,402364,362949,765313
07/31/2021,A,292772,310759,603531
08/01/2021,U,223161,244404,467565
08/02/2021,W,374987,259408,634395
08/03/2021,W,407869,267547,675416
08/04/2021,W,401665,271469,673134
08/05/2021,W,401248,283716,684964
08/06/2021,W,387894,313936,701830
08/07/2021,A,301542,275050,576592
08/08/2021,U,223653,187344,410997
08/09/2021,W,334547,240520,575067
08/10/2021,W,372961,264354,637315
08/11/2021,W,364185,258741,622926
08/12/2021,W,381061,280760,661821
08/13/2021,W,396567,277082,673649
08/14/2021,A,294345,252710,547055
08/15/2021,U,221156,205673,426829
08/16/2021,W,371748,246824,618572
08/17/2021,W,385106,259308,644414
08/18/2021,W,387316,265679,652995
08/19/2021,W,390171,274749,664920
08/20/2021,W,399149,298535,697684
08/21/2021,A,282205,248705,530910
08/22/2021,U,231270,202393,433663
08/23/2021,W,389873,263283,653156
08/24/2021,W,382748,259641,642389
08/25/2021,W,398464,278830,677294
08/26/2021,W,417416,287640,705056
08/27/2021,W,411406,302286,713692
08/28/2021,A,290939,232278,523217
08/29/2021,U,215493,180030,395523
08/30/2021,W,452128,283312,735440
08/31/2021,W,457408,294988,752396
09/01/2021,W,483883,302972,786855
09/02/2021,W,466988,316474,783462
09/03/2021,W,460822,332962,793784
09/04/2021,A,288744,249857,538601
09/05/2021,U,238982,232104,471086
09/06/2021,U,231171,190360,421531
09/07/2021,W,445989,291803,737792
09/08/2021,W,480111,320091,800202
09/09/2021,W,471953,326271,798224
09/10/2021,W,469400,355788,825188
09/11/2021,A,292316,276714,569030
09/12/2021,U,216327,206582,422909
09/13/2021,W,450527,296554,747081
09/14/2021,W,468812,311965,780777
09/15/2021,W,472623,329295,801918
09/16/2021,W,467659,365090,832749
09/17/2021,W,469512,377373,846885
09/18/2021,A,297188,295961,593149
09/19/2021,U,221743,220835,442578
09/20/2021,W,443252,298947,742199
09/21/2021,W,452211,319330,771541
09/22/2021,W,450883,322522,773405
09/23/2021,W,464140,327671,791811
09/24/2021,W,463710,365392,829102
09/25/2021,A,300821,296621,597442
09/26/2021,U,214958,195380,410338
09/27/2021,W,458134,298532,756666
09/28/2021,W,474767,315354,790121
09/29/2021,W,471319,323001,794320
09/30/2021,W,469820,326450,796270
10/01/2021,W,486451,343048,829499
10/02/2021,A,283289,248678,531967
10/03/2021,U,209009,188875,397884
10/04/2021,W,453108,297717,750825
10/05/2021,W,469691,317319,787010
10/06/2021,W,474666,317494,792160
10/07/2021,W,447936,323569,771505
10/08/2021,W,461163,348740,809903
10/09/2021,A,301635,281790,583425
10/10/2021,U,194232,312750,506982
10/11/2021,W,335704,269043,604747
10/12/2021,W,469702,337547,807249
10/13/2021,W,456836,323735,780571
10/14/2021,W,466987,336464,803451
10/15/2021,W,456194,338278,794472
10/16/2021,A,301890,266017,567907
10/17/2021,U,219929,196386,416315
10/18/2021,W,447658,303246,750904
10/19/2021,W,467179,323286,790465
10/20/2021,W,470815,323794,794609
10/21/2021,W,449160,330258,779418
10/22/2021,W,446072,328904,774976
10/23/2021,A,288871,244421,533292
10/24/2021,U,171424,144992,316416
10/25/2021,W,384314,270031,654345
10/26/2021,W,476997,320974,797971
10/27/2021,W,475784,327121,802905
10/28/2021,W,447442,328865,776307
10/29/2021,W,407815,307878,715693
10/30/2021,A,280283,244786,525069
10/31/2021,U,203393,183268,386661
11/01/2021,W,452937,300996,753933
11/02/2021,W,463908,319122,783030
11/03/2021,W,481029,327770,808799
11/04/2021,W,463508,333562,797070
11/05/2021,W,403870,312819,716689
11/06/2021,A,279147,235533,514680
11/07/2021,U,211114,177817,388931
11/08/2021,W,458387,305403,763790
11/09/2021,W,465479,324645,790124
11/10/2021,W,474682,332506,807188
11/11/2021,W,349696,286823,636519
11/12/2021,W,381722,302454,684176
11/13/2021,A,263401,221836,485237
11/14/2021,U,191694,153282,344976
11/15/2021,W,427781,292876,720657
11/16/2021,W,463846,321135,784981
11/17/2021,W,436216,311717,747933
11/18/2021,W,413008,315161,728169
11/19/2021,W,443247,337202,780449
11/20/2021,A,271655,276136,547791
11/21/2021,U,214017,179537,393554
11/22/2021,W,428156,288075,716231
11/23/2021,W,437577,300261,737838
11/24/2021,W,359261,257882,617143
11/25/2021,U,136680,103108,239788
11/26/2021,W,257700,189694,447394
11/27/2021,A,237839,187065,424904
11/28/2021,U,184817,147830,332647
11/29/2021,W,421322,276090,697412
11/30/2021,W,450230,302349,752579
12/01/2021,W,464613,309075,773688
12/02/2021,W,466625,323958,790583
12/03/2021,W,460247,320326,780573
12/04/2021,A,282720,237153,519873
12/05/2021,U,175680,150682,326362
12/06/2021,W,419783,278439,698222
12/07/2021,W,412108,287065,699173
12/08/2021,W,440298,300242,740540
12/09/2021,W,441609,310636,752245
12/10/2021,W,425279,297443,722722
12/11/2021,A,253954,221509,475463
12/12/2021,U,200373,165296,365669
12/13/2021,W,425654,272016,697670
12/14/2021,W,443484,293750,737234
12/15/2021,W,441500,299691,741191
12/16/2021,W,424823,297427,722250
12/17/2021,W,405415,282060,687475
12/18/2021,A,243767,196349,440116
12/19/2021,U,193554,150673,344227
12/20/2021,W,346355,235596,581951
12/21/2021,W,343757,224928,568685
12/22/2021,W,314359,209334,523693
12/23/2021,W,311895,192858,504753
12/24/2021,U,215369,118922,334291
12/25/2021,A,101622,63575,165197
12/26/2021,U,160349,106278,266627
12/27/2021,W,276748,170801,447549
12/28/2021,W,267102,174336,441438
12/29/2021,W,294413,191745,486158
12/30/2021,W,295024,194851,489875
12/31/2021,U,227449,163183,390632
01/01/2022,A,115581,116473,232054
01/02/2022,U,141100,114070,255170
01/03/2022,W,308893,184727,493620
01/04/2022,W,343163,202963,546126
01/05/2022,W,261752,177105,438857
01/06/2022,W,256983,175465,432448
01/07/2022,W,246042,172216,418258
01/08/2022,A,190569,133844,324413
01/09/2022,U,139413,102330,241743
01/10/2022,W,273785,175964,449749
01/11/2022,W,299534,190644,490178
01/12/2022,W,364308,214250,578558
01/13/2022,W,364235,218508,582743
01/14/2022,W,355305,224098,579403
01/15/2022,A,201975,153357,355332
01/16/2022,U,157849,117493,275342
01/17/2022,W,247901,160202,408103
01/18/2022,W,394532,239770,634302
01/19/2022,W,373531,235997,609528
01/20/2022,W,343001,227670,570671
01/21/2022,W,360918,227754,588672
01/22/2022,A,213615,153452,367067
01/23/2022,U,149802,112997,262799
01/24/2022,W,352311,235351,587662
01/25/2022,W,352155,234112,586267
01/26/2022,W,313683,215518,529201
01/27/2022,W,388880,254620,643500
01/28/2022,W,310477,229809,540286
01/29/2022,A,216590,160644,377234
01/30/2022,U,163483,115445,278928
01/31/2022,W,405219,253283,658502
02/01/2022,W,438309,273732,712041
02/02/2022,W,252363,189573,441936
02/03/2022,W,342011,232018,574029
02/04/2022,W,391793,263572,655365
02/05/2022,A,222874,169731,392605
02/06/2022,U,179811,125211,305022
02/07/2022,W,405768,257867,663635
02/08/2022,W,431086,280312,711398
02/09/2022,W,433494,283336,716830
02/10/2022,W,426111,284248,710359
02/11/2022,W,413489,269373,682862
02/12/2022,A,236977,177109,414086
02/13/2022,U,175728,133282,309010
02/14/2022,W,400492,260703,661195
02/15/2022,W,434683,282736,717419
02/16/2022,W,436057,286506,722563
02/17/2022,W,365062,260175,625237
02/18/2022,W,383850,268927,652777
02/19/2022,A,228190,179991,408181
02/20/2022,U,193971,146532,340503
02/21/2022,W,330376,219366,549742
02/22/2022,W,402852,275702,678554
02/23/2022,W,434639,288569,723208
02/24/2022,W,417551,290246,707797
02/25/2022,W,411882,278287,690169
02/26/2022,A,260161,190557,450718
02/27/2022,U,197978,139377,337355
02/28/2022,W,437269,272433,709702
03/01/2022,W,471547,297951,769498
03/02/2022,W,461679,304639,766318
03/03/2022,W,450905,301344,752249
03/04/2022,W,437164,288975,726139
03/05/2022,A,291281,221714,512995
03/06/2022,U,194300,141976,336276
03/07/2022,W,399383,261592,660975
03/08/2022,W,464441,303631,768072
03/09/2022,W,466984,310336,777320
03/10/2022,W,444721,310435,755156
03/11/2022,W,422764,294476,717240
03/12/2022,A,247872,287526,535398
03/13/2022,U,200879,168821,369700
03/14/2022,W,448558,294168,742726
03/15/2022,W,463215,322609,785824
03/16/2022,W,479823,333597,813420
03/17/2022,W,463068,336933,800001
03/18/2022,W,404540,292739,697279
03/19/2022,A,250839,203842,454681
03/20/2022,U,220280,183597,403877
03/21/2022,W,459452,286077,745529
03/22/2022,W,432916,290803,723719
03/23/2022,W,411053,285528,696581
03/24/2022,W,452116,279960,732076
03/25/2022,W,431829,290569,722398
03/26/2022,A,242199,191025,433224
03/27/2022,U,193217,147865,341082
03/28/2022,W,443113,283316,726429
03/29/2022,W,459127,310432,769559
03/30/2022,W,425844,299471,725315
03/31/2022,W,446918,313624,760542
04/01/2022,W,484903,314610,799513
04/02/2022,A,264044,194383,458427
04/03/2022,U,218901,153875,372776
04/04/2022,W,457452,291019,748471
04/05/2022,W,482775,326164,808939
04/06/2022,W,470573,327753,798326
04/07/2022,W,468788,346853,815641
04/08/2022,W,398017,301320,699337
04/09/2022,A,283129,232566,515695
04/10/2022,U,221977,184272,406249
04/11/2022,W,388543,276040,664583
04/12/2022,W,426444,323042,749486
04/13/2022,W,375870,290641,666511
04/14/2022,W,408379,316347,724726
04/15/2022,W,367610,276605,644215
04/16/2022,A,274093,216395,490488
04/17/2022,U,183837,139738,323575
04/18/2022,W,416359,279342,695701
04/19/2022,W,461501,324667,786168
04/20/2022,W,453943,322677,776620
04/21/2022,W,455139,339779,794918
04/22/2022,W,414144,295319,709463
04/23/2022,A,312128,278763,590891
04/24/2022,U,192744,162462,355206
04/25/2022,W,454532,293934,748466
04/26/2022,W,476474,323321,799795
04/27/2022,W,473316,325530,798846
04/28/2022,W,461751,329024,790775
04/29/2022,W,472802,324138,796940
04/30/2022,A,260440,208693,469133
05/01/2022,U,209565,167306,376871
05/02/2022,W,456676,288292,744968
05/03/2022,W,427088,304189,731277
05/04/2022,W,500429,344233,844662
05/05/2022,W,464544,329241,793785
05/06/2022,W,429700,298387,728087
05/07/2022,A,308573,262869,571442
05/08/2022,U,204641,167467,372108
05/09/2022,W,456324,296458,752782
05/10/2022,W,487603,334899,822502
05/11/2022,W,481802,332548,814350
05/12/2022,W,475308,345676,820984
05/13/2022,W,470223,332657,802880
05/14/2022,A,303044,249361,552405
05/15/2022,U,210931,171982,382913
05/16/2022,W,460986,304494,765480
05/17/2022,W,479630,337079,816709
05/18/2022,W,452731,322841,775572
05/19/2022,W,486489,351429,837918
05/20/2022,W,458078,321127,779205
05/21/2022,A,258763,218972,477735
05/22/2022,U,221756,193002,414758
05/23/2022,W,456515,297901,754416
05/24/2022,W,484351,336010,820361
05/25/2022,W,461780,319883,781663
05/26/2022,W,467853,332069,799922
05/27/2022,W,435553,299737,735290
05/28/2022,A,299533,280228,579761
05/29/2022,U,239199,246793,485992
05/30/2022,U,235865,210421,446286
05/31/2022,W,468550,326376,794926
06/01/2022,W,496766,346924,843690
06/02/2022,W,492400,355544,847944
06/03/2022,W,494862,353934,848796
06/04/2022,A,298993,261915,560908
06/05/2022,U,230730,216530,447260
06/06/2022,W,437910,291922,729832
06/07/2022,W,492774,348945,841719
06/08/2022,W,454093,328980,783073
06/09/2022,W,488146,359630,847776
06/10/2022,W,450488,327910,778398
06/11/2022,A,311911,264509,576420
06/12/2022,U,224348,193587,417935
06/13/2022,W,433682,306621,740303
06/14/2022,W,467146,345831,812977
06/15/2022,W,435538,338852,774390
06/16/2022,W,441821,351622,793443
06/17/2022,W,438575,356445,795020
06/18/2022,A,316980,307051,624031
06/19/2022,U,227181,226033,453214
06/20/2022,W,365955,257700,623655
06/21/2022,W,427588,321100,748688
06/22/2022,W,444712,335641,780353
06/23/2022,W,442860,345391,788251
06/24/2022,W,429666,353308,782974
06/25/2022,A,276951,259318,536269
06/26/2022,U,228786,301320,530106
06/27/2022,W,416606,298347,714953
06/28/2022,W,445097,348827,793924
06/29/2022,W,448310,350300,798610
06/30/2022,W,434307,354302,788609
07/01/2022,W,427111,319073,746184
07/02/2022,A,314971,271980,586951
07/03/2022,U,234889,221003,455892
07/04/2022,U,201272,158486,359758
07/05/2022,W,400714,283797,684511
07/06/2022,W,438241,315347,753588
07/07/2022,W,444168,331132,775300
07/08/2022,W,414527,323371,737898
07/09/2022,A,314661,288100,602761
07/10/2022,U,228764,208566,437330
07/11/2022,W,411177,289480,700657
07/12/2022,W,460573,351612,812185
07/13/2022,W,462243,357923,820166
07/14/2022,W,459272,364927,824199
07/15/2022,W,385035,307877,692912
07/16/2022,A,306271,295499,601770
07/17/2022,U,212995,208264,421259
07/18/2022,W,432780,299248,732028
07/19/2022,W,453338,335621,788959
07/20/2022,W,455439,338205,793644
07/21/2022,W,445763,342598,788361
07/22/2022,W,426586,323821,750407
07/23/2022,A,275396,265291,540687
07/24/2022,U,209703,202481,412184
07/25/2022,W,423680,314719,738399
07/26/2022,W,460649,352662,813311
07/27/2022,W,446320,340006,786326
07/28/2022,W,448728,380517,829245
07/29/2022,W,430804,378849,809653
07/30/2022,A,304052,327388,631440
07/31/2022,U,224307,252781,477088
08/01/2022,W,433904,304820,738724
08/02/2022,W,451890,335737,787627
08/03/2022,W,430236,321771,752007
08/04/2022,W,449161,341966,791127
08/05/2022,W,445484,357462,802946
08/06/2022,A,302707,280369,583076
08/07/2022,U,202042,193344,395386
08/08/2022,W,381427,286194,667621
08/09/2022,W,454272,352582,806854
08/10/2022,W,455381,346182,801563
08/11/2022,W,444736,337937,782673
08/12/2022,W,430652,320260,750912
08/13/2022,A,295364,253835,549199
08/14/2022,U,214683,189154,403837
08/15/2022,W,422612,312773,735385
08/16/2022,W,445900,335456,781356
08/17/2022,W,451427,335610,787037
08/18/2022,W,447149,343155,790304
08/19/2022,W,446821,359501,806322
08/20/2022,A,276088,263681,539769
08/21/2022,U,235253,221628,456881
08/22/2022,W,484550,322408,806958
08/23/2022,W,510024,370191,880215
08/24/2022,W,509522,369646,879168
08/25/2022,W,491181,367289,858470
08/26/2022,W,495636,347989,843625
08/27/2022,A,313588,249105,562693
08/28/2022,U,219848,188705,408553
08/29/2022,W,453804,307410,761214
08/30/2022,W,524895,366870,891765
08/31/2022,W,521586,366459,888045
09/01/2022,W,526641,371181,897822
09/02/2022,W,507102,361289,868391
09/03/2022,A,329125,291196,620321
09/04/2022,U,229381,227410,456791
09/05/2022,U,236613,180944,417557
09/06/2022,W,523472,365689,889161
09/07/2022,W,534473,388259,922732
09/08/2022,W,529691,391210,920901
09/09/2022,W,506174,373012,879186
09/10/2022,A,328476,293144,621620
09/11/2022,U,180862,175036,355898
09/12/2022,W,480954,342767,823721
09/13/2022,W,527850,390462,918312
09/14/2022,W,531662,395177,926839
09/15/2022,W,526216,409158,935374
09/16/2022,W,508567,431965,940532
09/17/2022,A,333893,324035,657928
09/18/2022,U,237991,241024,479015
09/19/2022,W,495344,350160,845504
09/20/2022,W,522109,387279,909388
09/21/2022,W,537697,392818,930515
09/22/2022,W,530009,398846,928855
09/23/2022,W,458882,354789,813671
09/24/2022,A,320145,265000,585145
09/25/2022,U,229013,196621,425634
09/26/2022,W,497354,338256,835610
09/27/2022,W,527776,392549,920325
09/28/2022,W,530749,399004,929753
09/29/2022,W,521049,399396,920445
09/30/2022,W,517079,372584,889663
10/01/2022,A,331991,278557,610548
10/02/2022,U,230938,198343,429281
10/03/2022,W,522157,347552,869709
10/04/2022,W,539617,387120,926737
10/05/2022,W,535091,386695,921786
10/06/2022,W,528937,407379,936316
10/07/2022,W,497726,385824,883550
10/08/2022,A,327134,300298,627432
10/09/2022,U,207502,351798,559300
10/10/2022,W,413126,332397,745523
10/11/2022,W,516976,397158,914134
10/12/2022,W,497854,384939,882793
10/13/2022,W,533103,420167,953270
10/14/2022,W,501494,372144,873638
10/15/2022,A,325294,272080,597374
10/16/2022,U,227365,191906,419271
10/17/2022,W,470688,332889,803577
10/18/2022,W,499407,372296,871703
10/19/2022,W,525153,378834,903987
10/20/2022,W,507374,383470,890844
10/21/2022,W,462718,343986,806704
10/22/2022,A,328599,254638,583237
10/23/2022,U,239284,189552,428836
10/24/2022,W,499098,342781,841879
10/25/2022,W,478171,370030,848201
10/26/2022,W,539425,393904,933329
10/27/2022,W,528826,395129,923955
10/28/2022,W,501985,352842,854827
10/29/2022,A,311437,254149,565586
10/30/2022,U,217204,177961,395165
10/31/2022,W,454862,318942,773804
11/01/2022,W,535639,378179,913818
11/02/2022,W,532834,379413,912247
11/03/2022,W,540308,389939,930247
11/04/2022,W,489779,345651,835430
11/05/2022,A,271210,239302,510512
11/06/2022,U,237292,195418,432710
11/07/2022,W,502205,345095,847300
11/08/2022,W,445547,343165,788712
11/09/2022,W,524300,382075,906375
11/10/2022,W,534931,396488,931419
11/11/2022,W,458476,329637,788113
11/12/2022,A,283958,233513,517471
11/13/2022,U,216386,184686,401072
11/14/2022,W,479311,330831,810142
11/15/2022,W,482772,363154,845926
11/16/2022,W,501388,367015,868403
11/17/2022,W,489196,368122,857318
11/18/2022,W,437859,348326,786185
11/19/2022,A,253918,231052,484970
11/20/2022,U,204456,163384,367840
11/21/2022,W,423423,299744,723167
11/22/2022,W,435161,314006,749167
11/23/2022,W,398091,275787,673878
11/24/2022,U,160200,111986,272186
11/25/2022,W,305747,216040,521787
11/26/2022,A,283619,206385,490004
11/27/2022,U,190990,145822,336812
11/28/2022,W,472849,306743,779592
11/29/2022,W,492390,346172,838562
11/30/2022,W,471180,342095,813275
12/01/2022,W,494028,351763,845791
12/02/2022,W,490109,327826,817935
12/03/2022,A,302524,235937,538461
12/04/2022,U,219158,175364,394522
12/05/2022,W,473036,301290,774326
12/06/2022,W,491402,343974,835376
12/07/2022,W,501570,348450,850020
12/08/2022,W,491122,354293,845415
12/09/2022,W,434379,310116,744495
12/10/2022,A,301199,250406,551605
12/11/2022,U,217920,181270,399190
12/12/2022,W,461205,309804,771009
12/13/2022,W,488778,350345,839123
12/14/2022,W,460656,334180,794836
12/15/2022,W,479951,357938,837889
12/16/2022,W,438828,317559,756387
12/17/2022,A,273704,221530,495234
12/18/2022,U,205652,168395,374047
12/19/2022,W,422466,271588,694054
12/20/2022,W,458350,301658,760008
12/21/2022,W,449539,293415,742954
12/22/2022,W,334740,211520,546260
12/23/2022,W,154576,107314,261890
12/24/2022,A,150459,94387,244846
12/25/2022,U,85188,55366,140554
12/26/2022,U,205368,123005,328373
12/27/2022,W,315154,202638,517792
12/28/2022,W,321472,212073,533545
12/29/2022,W,347158,231287,578445
12/30/2022,W,364899,243067,607966
12/31/2022,A,257498,181031,438529
01/01/2023,U,164489,140776,305265
01/02/2023,U,254124,165797,419921
01/03/2023,W,383247,275846,659093
01/04/2023,W,398456,292474,690930
01/05/2023,W,384238,292708,676946
01/06/2023,W,371923,258636,630559
01/07/2023,A,272633,183930,456563
01/08/2023,U,209397,145377,354774
01/09/2023,W,449465,296803,746268
01/10/2023,W,499769,345615,845384
01/11/2023,W,499126,343468,842594
01/12/2023,W,474679,340171,814850
01/13/2023,W,443233,292169,735402
01/14/2023,A,288502,201672,490174
01/15/2023,U,220389,154138,374527
01/16/2023,W,295880,196321,492201
01/17/2023,W,496926,344762,841688
01/18/2023,W,495410,346875,842285
01/19/2023,W,479283,347238,826521
01/20/2023,W,457848,296350,754198
01/21/2023,A,285487,196802,482289
01/22/2023,U,201809,140538,342347
01/23/2023,W,468304,307836,776140
01/24/2023,W,505791,355136,860927
01/25/2023,W,462648,337076,799724
01/26/2023,W,484428,350067,834495
01/27/2023,W,435531,290048,725579
01/28/2023,A,270454,190883,461337
01/29/2023,U,199420,144673,344093
01/30/2023,W,420711,284230,704941
01/31/2023,W,428116,311121,739237
02/01/2023,W,488390,332706,821096
02/02/2023,W,488230,339244,827474
02/03/2023,W,367206,247871,615077
02/04/2023,A,295858,188543,484401
02/05/2023,U,228506,147681,376187
02/06/2023,W,489061,304675,793736
02/07/2023,W,512128,348998,861126
02/08/2023,W,517223,348441,865664
02/09/2023,W,456891,326676,783567
02/10/2023,W,480757,289003,769760
02/11/2023,A,305427,182401,487828
02/12/2023,U,228971,139964,368935
02/13/2023,W,477325,298814,776139
02/14/2023,W,510605,355572,866177
02/15/2023,W,498251,346762,845013
02/16/2023,W,450939,324574,775513
02/17/2023,W,447365,297527,744892
02/18/2023,A,307618,213471,521089
02/19/2023,U,241433,167599,409032
02/20/2023,W,371110,251523,622633
02/21/2023,W,512268,349053,861321
02/22/2023,W,445175,320183,765358
02/23/2023,W,500377,349987,850364
02/24/2023,W,468093,303528,771621
02/25/2023,A,313877,199947,513824
02/26/2023,U,246373,152718,399091
02/27/2023,W,438886,284156,723042
02/28/2023,W,516342,350093,866435
03/01/2023,W,538035,357399,895434
03/02/2023,W,505862,352552,858414
03/03/2023,W,441984,285055,727039
03/04/2023,A,332481,209545,542026
03/05/2023,U,246208,156086,402294
03/06/2023,W,470524,303195,773719
03/07/2023,W,528413,362941,891354
03/08/2023,W,521850,359517,881367
03/09/2023,W,498577,352220,850797
03/10/2023,W,466305,312533,778838
03/11/2023,A,326961,340919,667880
03/12/2023,U,215765,159274,375039
03/13/2023,W,459265,307389,766654
03/14/2023,W,524325,366497,890822
03/15/2023,W,535449,367880,903329
03/16/2023,W,499382,360728,860110
03/17/2023,W,435055,319561,754616
03/18/2023,A,284653,199267,483920
03/19/2023,U,238907,157695,396602
03/20/2023,W,478059,300593,778652
03/21/2023,W,510959,347098,858057
03/22/2023,W,499380,340260,839640
03/23/2023,W,489519,342562,832081
03/24/2023,W,475520,306297,781817
03/25/2023,A,287548,202198,489746
03/26/2023,U,222855,179536,402391
03/27/2023,W,493436,320115,813551
03/28/2023,W,521594,365749,887343
03/29/2023,W,470430,353192,823622
03/30/2023,W,517477,388264,905741
03/31/2023,W,467904,309609,777513
04/01/2023,A,315267,235235,550502
04/02/2023,U,261251,191192,452443
04/03/2023,W,439537,304009,743546
04/04/2023,W,428000,325448,753448
04/05/2023,W,438936,335701,774637
04/06/2023,W,459977,353018,812995
04/07/2023,W,419926,312653,732579
04/08/2023,A,333736,244038,577774
04/09/2023,U,237320,168475,405795
04/10/2023,W,492576,324608,817184
04/11/2023,W,539533,388288,927821
04/12/2023,W,516841,388965,905806
04/13/2023,W,541076,386440,927516
04/14/2023,W,518497,353807,872304
04/15/2023,A,360082,254964,615046
04/16/2023,U,229968,157603,387571
04/17/2023,W,458530,310077,768607
04/18/2023,W,523866,378471,902337
04/19/2023,W,527267,380103,907370
04/20/2023,W,516298,393967,910265
04/21/2023,W,505681,360742,866423
04/22/2023,A,329493,240134,569627
04/23/2023,U,245927,174185,420112
04/24/2023,W,502642,328298,830940
04/25/2023,W,516696,378228,894924
04/26/2023,W,539161,388688,927849
04/27/2023,W,532971,395661,928632
04/28/2023,W,503332,340242,843574
04/29/2023,A,331120,224434,555554
04/30/2023,U,238929,165311,404240
05/01/2023,W,482348,315630,797978
05/02/2023,W,530573,372211,902784
05/03/2023,W,555155,381538,936693
05/04/2023,W,542958,391265,934223
05/05/2023,W,518792,367635,886427
05/06/2023,A,354490,259476,613966
05/07/2023,U,281403,198280,479683
05/08/2023,W,469174,325860,795034
05/09/2023,W,548033,396388,944421
05/10/2023,W,544618,397870,942488
05/11/2023,W,533940,384804,918744
05/12/2023,W,481927,328362,810289
05/13/2023,A,344247,221075,565322
05/14/2023,U,233363,156364,389727
05/15/2023,W,486638,320403,807041
05/16/2023,W,533948,384145,918093
05/17/2023,W,527429,382604,910033
05/18/2023,W,525435,390005,915440
05/19/2023,W,486435,337006,823441
05/20/2023,A,354750,241214,595964
05/21/2023,U,273007,193053,466060
05/22/2023,W,499608,333292,832900
05/23/2023,W,537810,406630,944440
05/24/2023,W,535858,401039,936897
05/25/2023,W,528009,395099,923108
05/26/2023,W,497832,356184,854016
05/27/2023,A,340968,290957,631925
05/28/2023,U,273385,247157,520542
05/29/2023,U,269683,209702,479385
05/30/2023,W,517974,382375,900349
05/31/2023,W,517111,389469,906580
06/01/2023,W,544178,393187,937365
06/02/2023,W,514354,386122,900476
06/03/2023,A,371914,300646,672560
06/04/2023,U,278304,238509,516813
06/05/2023,W,511045,350028,861073
06/06/2023,W,522067,389250,911317
06/07/2023,W,535180,390851,926031
06/08/2023,W,493065,387473,880538
06/09/2023,W,476837,381247,858084
06/10/2023,A,379556,320326,699882
06/11/2023,U,239715,193563,433278
06/12/2023,W,457944,327050,784994
06/13/2023,W,450859,375000,825859
06/14/2023,W,493401,392696,886097
06/15/2023,W,482965,398441,881406
06/16/2023,W,453530,361553,815083
06/17/2023,A,372865,295909,668774
06/18/2023,U,272736,221073,493809
06/19/2023,W,384578,261569,646147
06/20/2023,W,488457,375171,863628
06/21/2023,W,495689,401487,897176
06/22/2023,W,486237,402155,888392
06/23/2023,W,469905,383443,853348
06/24/2023,A,369643,298557,668200
06/25/2023,U,258229,295714,553943
06/26/2023,W,445453,323554,769007
06/27/2023,W,496729,395754,892483
06/28/2023,W,496731,392034,888765
06/29/2023,W,470303,393963,864266
06/30/2023,W,473836,378120,851956
07/01/2023,A,335143,311337,646480
07/02/2023,U,170177,192380,362557
07/03/2023,W,444738,293378,738116
07/04/2023,U,281675,195858,477533
07/05/2023,W,448241,324432,772673
07/06/2023,W,495284,375201,870485
07/07/2023,W,479367,347499,826866
07/08/2023,A,352631,259570,612201
07/09/2023,U,281445,205204,486649
07/10/2023,W,485647,330776,816423
07/11/2023,W,483040,372976,856016
07/12/2023,W,443121,354104,797225
07/13/2023,W,505564,394862,900426
07/14/2023,W,476443,373807,850250
07/15/2023,A,359874,287408,647282
07/16/2023,U,281420,234238,515658
07/17/2023,W,480822,349113,829935
07/18/2023,W,512122,398713,910835
07/19/2023,W,515105,402686,917791
07/20/2023,W,502681,414002,916683
07/21/2023,W,485225,389288,874513
07/22/2023,A,360932,312905,673837
07/23/2023,U,288305,247161,535466
07/24/2023,W,474506,338496,813002
07/25/2023,W,508517,383391,891908
07/26/2023,W,478350,371278,849628
07/27/2023,W,502581,385163,887744
07/28/2023,W,446842,334517,781359
07/29/2023,A,364824,286441,651265
07/30/2023,U,285496,219936,505432
07/31/2023,W,469024,334195,803219
08/01/2023,W,528437,389535,917972
08/02/2023,W,519583,423358,942941
08/03/2023,W,521191,480968,1002159
08/04/2023,W,493321,456039,949360
08/05/2023,A,338701,346075,684776
08/06/2023,U,264872,298188,563060
08/07/2023,W,467465,346627,814092
08/08/2023,W,508824,388916,897740
08/09/2023,W,501770,394563,896333
08/10/2023,W,506343,383545,889888
08/11/2023,W,472150,370307,842457
08/12/2023,A,370464,315090,685554
08/13/2023,U,279218,225085,504303
08/14/2023,W,408865,290559,699424
08/15/2023,W,500013,382517,882530
08/16/2023,W,518485,390193,908678
08/17/2023,W,484256,366327,850583
08/18/2023,W,490626,366654,857280
08/19/2023,A,381458,303336,684794
08/20/2023,U,296344,239159,535503
08/21/2023,W,551302,343866,895168
08/22/2023,W,564653,390141,954794
08/23/2023,W,531763,365111,896874
08/24/2023,W,501750,365055,866805
08/25/2023,W,553276,375055,928331
08/26/2023,A,361538,273589,635127
08/27/2023,U,289983,218533,508516
08/28/2023,W,567171,371199,938370
08/29/2023,W,585643,418817,1004460
08/30/2023,W,589901,420080,1009981
08/31/2023,W,579376,413083,992459
09/01/2023,W,585674,386812,972486
09/02/2023,A,384728,291029,675757
09/03/2023,U,309758,248524,558282
09/04/2023,U,293106,220411,513517
09/05/2023,W,586167,409043,995210
09/06/2023,W,578259,425429,1003688
09/07/2023,W,597711,442432,1040143
09/08/2023,W,555213,397332,952545
09/09/2023,A,385592,323033,708625
09/10/2023,U,297306,247808,545114
09/11/2023,W,504742,356445,861187
09/12/2023,W,603242,432403,1035645
09/13/2023,W,593103,431950,1025053
09/14/2023,W,587439,437320,1024759
09/15/2023,W,566708,432176,998884
09/16/2023,A,352049,340865,692914
09/17/2023,U,252015,219746,471761
09/18/2023,W,560810,382031,942841
09/19/2023,W,555949,432367,988316
09/20/2023,W,599268,447165,1046433
09/21/2023,W,581536,449600,1031136
09/22/2023,W,525718,400937,926655
09/23/2023,A,381816,312772,694588
09/24/2023,U,290336,234578,524914
09/25/2023,W,552311,370891,923202
09/26/2023,W,565172,416619,981791
09/27/2023,W,583749,427267,1011016
09/28/2023,W,597723,437574,1035297
09/29/2023,W,578054,401168,979222
09/30/2023,A,391173,301206,692379
10/01/2023,U,303953,229368,533321
10/02/2023,W,576630,378334,954964
10/03/2023,W,619488,434467,1053955
10/04/2023,W,610623,445787,1056410
10/05/2023,W,584937,447707,1032644
10/06/2023,W,559485,428321,987806
10/07/2023,A,386990,334134,721124
10/08/2023,U,253021,403385,656406
10/09/2023,W,452540,366694,819234
10/10/2023,W,601129,443465,1044594
10/11/2023,W,598019,442594,1040613
10/12/2023,W,567954,433731,1001685
10/13/2023,W,519462,373986,893448
10/14/2023,A,338320,266624,604944
10/15/2023,U,293753,222768,516521
10/16/2023,W,551971,374520,926491
10/17/2023,W,587256,440241,1027497
10/18/2023,W,595182,439266,1034448
10/19/2023,W,579587,433975,1013562
10/20/2023,W,562941,395292,958233
10/21/2023,A,364186,309900,674086
10/22/2023,U,288942,219804,508746
10/23/2023,W,555068,379650,934718
10/24/2023,W,598773,434867,1033640
10/25/2023,W,570560,426962,997522
10/26/2023,W,535013,412606,947619
10/27/2023,W,503840,373004,876844
10/28/2023,A,360484,275006,635490
10/29/2023,U,250473,185823,436296
10/30/2023,W,551840,367453,919293
10/31/2023,W,520069,390110,910179
11/01/2023,W,576336,410084,986420
11/02/2023,W,579094,419780,998874
11/03/2023,W,563943,373412,937355
11/04/2023,A,401704,280222,681926
11/05/2023,U,296526,200577,497103
11/06/2023,W,568672,375471,944143
11/07/2023,W,588549,424318,1012867
11/08/2023,W,578329,422082,1000411
11/09/2023,W,588110,454074,1042184
11/10/2023,W,461731,351382,813113
11/11/2023,A,354671,266284,620955
11/12/2023,U,294251,195035,489286
11/13/2023,W,558320,370511,928831
11/14/2023,W,581009,424128,1005137
11/15/2023,W,587609,422609,1010218
11/16/2023,W,580758,415406,996164
11/17/2023,W,544624,418827,963451
11/18/2023,A,348044,315864,663908
11/19/2023,U,278346,201431,479777
11/20/2023,W,472022,334103,806125
11/21/2023,W,465329,339605,804934
11/22/2023,W,443954,298121,742075
11/23/2023,U,187931,128326,316257
11/24/2023,W,323157,227199,550356
11/25/2023,A,310164,213175,523339
11/26/2023,U,219912,160320,380232
11/27/2023,W,505729,325992,831721
11/28/2023,W,522935,368618,891553
11/29/2023,W,553418,387126,940544
11/30/2023,W,559855,396342,956197
12/01/2023,W,513523,339748,853271
12/02/2023,A,358919,260456,619375
12/03/2023,U,268845,172945,441790
12/04/2023,W,537917,337666,875583
12/05/2023,W,556584,384481,941065
12/06/2023,W,572732,389802,962534
12/07/2023,W,580504,404303,984807
12/08/2023,W,561665,372605,934270
12/09/2023,A,369433,283097,652530
12/10/2023,U,264202,196318,460520
12/11/2023,W,517482,326238,843720
12/12/2023,W,556451,378617,935068
12/13/2023,W,559461,378896,938357
12/14/2023,W,558905,384778,943683
12/15/2023,W,535654,351722,887376
12/16/2023,A,321951,230799,552750
12/17/2023,U,271335,184885,456220
12/18/2023,W,498940,306545,805485
12/19/2023,W,527927,342290,870217
12/20/2023,W,540890,343581,884471
12/21/2023,W,519383,325377,844760
12/22/2023,W,418720,267301,686021
12/23/2023,A,341975,206358,548333
12/24/2023,U,247277,141693,388970
12/25/2023,U,145433,80206,225639
12/26/2023,W,360458,208665,569123
12/27/2023,W,403147,252136,655283
12/28/2023,W,392855,253397,646252
12/29/2023,W,415822,261610,677432
12/30/2023,A,340207,212901,553108
12/31/2023,U,250204,187144,437348
01/01/2024,U,205964,152767,358731
01/02/2024,W,417384,278216,695600
01/03/2024,W,451613,307037,758650
01/04/2024,W,460277,317437,777714
01/05/2024,W,445488,280897,726385
01/06/2024,A,308872,196983,505855
01/07/2024,U,249187,152158,401345
01/08/2024,W,517198,326817,844015
01/09/2024,W,478685,330005,808690
01/10/2024,W,548560,369768,918328
01/11/2024,W,552911,377922,930833
01/12/2024,W,368347,239249,607596
01/13/2024,A,286037,183824,469861
01/14/2024,U,146724,93057,239781
01/15/2024,W,206791,127069,333860
01/16/2024,W,280514,185903,466417
01/17/2024,W,466850,322741,789591
01/18/2024,W,521058,362414,883472
01/19/2024,W,462986,293650,756636
01/20/2024,A,301556,191705,493261
01/21/2024,U,227288,147028,374316
01/22/2024,W,518106,336751,854857
01/23/2024,W,521585,369664,891249
01/24/2024,W,549204,389714,938918
01/25/2024,W,554313,390971,945284
01/26/2024,W,534739,329826,864565
01/27/2024,A,349068,222033,571101
01/28/2024,U,255458,158081,413539
01/29/2024,W,545769,340556,886325
01/30/2024,W,571297,388718,960015
01/31/2024,W,579236,389322,968558
02/01/2024,W,601932,393012,994944
02/02/2024,W,558905,329307,888212
02/03/2024,A,372165,230410,602575
02/04/2024,U,274654,168339,442993
02/05/2024,W,558625,339256,897881
02/06/2024,W,595983,390513,986496
02/07/2024,W,595233,389227,984460
02/08/2024,W,584729,391355,976084
02/09/2024,W,515769,333453,849222
02/10/2024,A,373420,231891,605311
02/11/2024,U,277432,165836,443268
02/12/2024,W,534181,325070,859251
02/13/2024,W,598961,395880,994841
02/14/2024,W,595347,397294,992641
02/15/2024,W,568392,387472,955864
02/16/2024,W,533701,325332,859033
02/17/2024,A,340993,224306,565299
02/18/2024,U,280002,189881,469883
02/19/2024,W,417871,271357,689228
02/20/2024,W,591252,389327,980579
02/21/2024,W,600241,395915,996156
02/22/2024,W,587867,396466,984333
02/23/2024,W,551392,336416,887808
02/24/2024,A,345189,225233,570422
02/25/2024,U,280214,175446,455660
02/26/2024,W,560355,347691,908046
02/27/2024,W,587359,392420,979779
02/28/2024,W,549028,375242,924270
02/29/2024,W,577283,386672,963955
03/01/2024,W,569569,335736,905305
03/02/2024,A,389713,252550,642263
03/03/2024,U,298601,184885,483486
03/04/2024,W,556051,334107,890158
03/05/2024,W,570139,383689,953828
03/06/2024,W,595103,393574,988677
03/07/2024,W,580398,390865,971263
03/08/2024,W,488443,314783,803226
03/09/2024,A,379680,245369,625049
03/10/2024,U,280181,178611,458792
03/11/2024,W,567851,351801,919652
03/12/2024,W,599389,411314,1010703
03/13/2024,W,597287,416180,1013467
03/14/2024,W,539322,393348,932670
03/15/2024,W,566639,386514,953153
03/16/2024,A,399006,499424,898430
03/17/2024,U,281004,206731,487735
03/18/2024,W,535201,346463,881664
03/19/2024,W,583292,396834,980126
03/20/2024,W,584856,392077,976933
03/21/2024,W,564484,383735,948219
03/22/2024,W,491011,318712,809723
03/23/2024,A,373194,249326,622520
03/24/2024,U,279349,206108,485457
03/25/2024,W,474355,319635,793990
03/26/2024,W,514563,359360,873923
03/27/2024,W,515194,364672,879866
03/28/2024,W,513043,374590,887633
03/29/2024,W,480044,313507,793551
03/30/2024,A,375490,244072,619562
03/31/2024,U,251600,158867,410467
04/01/2024,W,478962,333881,812843
04/02/2024,W,570490,393519,964009
04/03/2024,W,572710,395413,968123
04/04/2024,W,575373,401414,976787
04/05/2024,W,576732,375602,952334
04/06/2024,A,397658,286304,683962
04/07/2024,U,256839,185460,442299
04/08/2024,W,560623,352426,913049
04/09/2024,W,593688,400628,994316
04/10/2024,W,604655,405524,1010179
04/11/2024,W,557100,397195,954295
04/12/2024,W,582983,365492,948475
04/13/2024,A,412391,281343,693734
04/14/2024,U,327938,210780,538718
04/15/2024,W,588349,369259,957608
04/16/2024,W,599597,405400,1004997
04/17/2024,W,600084,408474,1008558
04/18/2024,W,606325,417750,1024075
04/19/2024,W,591814,383321,975135
04/20/2024,A,406861,279746,686607
04/21/2024,U,307107,203722,510829
04/22/2024,W,576206,353190,929396
04/23/2024,W,600004,410045,1010049
04/24/2024,W,599179,416815,1015994
04/25/2024,W,615343,428724,1044067
04/26/2024,W,554146,355278,909424
04/27/2024,A,419731,286199,705930
04/28/2024,U,293589,196481,490070
04/29/2024,W,556233,349857,906090
04/30/2024,W,632501,409097,1041598
